Wavenumber	Intensity	Normalized Intensity
cm\+(-1)		
Coupled  E1030 = 76uJ		Normalize to [0, 1] of "Intensity"
3600.06079	4.704774619E-5	0.0470560509438602
3600.183232	4.872279897E-5	0.0511153986639361
3600.305675	4.953574535E-5	0.0530855049636295
3600.428117	4.365986752E-5	0.0388458155893909
3600.55056	3.546873995E-5	0.0189953156987963
3600.673003	3.858082346E-5	0.026537184977091
3600.795445	4.596063445E-5	0.0444215282494549
3600.917888	4.957633428E-5	0.0531838687778467
3601.04033	4.648375761E-5	0.0456892726645682
3601.162773	4.234964217E-5	0.0356705960674674
3601.285216	4.087968045E-5	0.0321082690602666
3601.407658	4.07364787E-5	0.0317612318180292
3601.530101	4.560494199E-5	0.0435595378729193
3601.652543	5.022894402E-5	0.0547654128890527
3601.774986	5.201006206E-5	0.0590818007313869
3601.897429	5.268886162E-5	0.060726813640338
3602.019871	5.474797945E-5	0.0657169102918466
3602.142314	5.687644443E-5	0.0708750638539238
3602.264756	5.499583131E-5	0.0663175581608693
3602.387199	5.097564645E-5	0.056574982619026
3602.509642	4.497378177E-5	0.042029974846219
3602.632084	4.696310498E-5	0.0468509301817324
3602.754527	5.140340727E-5	0.0576116245267543
3602.876969	4.963875472E-5	0.053335139396794
3602.999412	4.579239612E-5	0.0440138169883716
3603.121854	4.67749669E-5	0.0463949935717186
3603.244297	5.103545482E-5	0.0567199231088421
3603.36674	5.564855383E-5	0.067899375584798
3603.489182	5.3927306E-5	0.0637280780962519
3603.611625	4.78020811E-5	0.0488841173389276
3603.734067	4.140098463E-5	0.0333716053323028
3603.85651	3.858836135E-5	0.0265554524113779
3603.978953	4.03594895E-5	0.030847630606303
3604.101395	4.258075933E-5	0.0362306888166144
3604.223838	4.330780939E-5	0.0379926327020136
3604.34628	4.342794637E-5	0.0382837744389682
3604.468723	4.16811672E-5	0.0340506039228633
3604.591166	4.194113717E-5	0.034680618999169
3604.713608	4.1802341E-5	0.0343442583047646
3604.836051	4.060408173E-5	0.0314403790396979
3604.958493	4.076077312E-5	0.0318201072753372
3605.080936	4.447873653E-5	0.0408302748783599
3605.203379	4.967823043E-5	0.0534308054171727
3605.325821	4.999186422E-5	0.0541908701898035
3605.448264	4.555109626E-5	0.0434290473332055
3605.570706	4.012848513E-5	0.0302878111941129
3605.693149	4.211501073E-5	0.0351019867601105
3605.815592	4.880064807E-5	0.0513040593260766
3605.938034	5.390137449E-5	0.0636652352907872
3606.060477	5.015845454E-5	0.0545945876390404
3606.182919	4.276118125E-5	0.0366679259701826
3606.305362	3.84686864E-5	0.0262654303647695
3606.427805	4.100316073E-5	0.0324075129999664
3606.550247	4.319905565E-5	0.0377290772774982
3606.67269	4.047131006E-5	0.0311186182078362
3606.795132	3.848736014E-5	0.0263106845829048
3606.917575	3.821060454E-5	0.0256399909622069
3607.040017	3.858531272E-5	0.0265480643162757
3607.16246	4.360879757E-5	0.0387220519160475
3607.284903	4.834324136E-5	0.0501955731293694
3607.407345	5.079567927E-5	0.05613884748911
3607.529788	5.011700341E-5	0.0544941343565712
3607.65223	4.822867413E-5	0.0499179292070711
3607.774673	4.384423664E-5	0.03929261844591
3607.897116	3.985357398E-5	0.0296215874408674
3608.019558	3.736541112E-5	0.0235917367080932
3608.142001	3.870216096E-5	0.0268312360719972
3608.264443	4.152385372E-5	0.0336693681051029
3608.386886	4.300748333E-5	0.037264818079396
3608.509329	4.216507295E-5	0.0352233082856441
3608.631771	4.362661275E-5	0.0387652254871607
3608.754214	4.554009138E-5	0.0434023779439952
3608.876656	4.735454422E-5	0.047799549834447
3608.999099	4.819167953E-5	0.0498282759454198
3609.121542	4.327396891E-5	0.0379106231814932
3609.243984	3.6055706E-5	0.020417777919258
3609.366427	3.128276512E-5	0.00885096228776194
3609.488869	3.576727977E-5	0.0197188015209379
3609.611312	4.119964797E-5	0.0328836830880027
3609.733755	4.51194901E-5	0.0423830865715591
3609.856197	4.663276923E-5	0.0460503896318268
3609.97864	4.570434248E-5	0.0438004264928325
3610.101082	4.70574596E-5	0.0470795905655417
3610.223525	5.150510333E-5	0.0578580762650104
3610.345967	5.296378731E-5	0.0613930726300349
3610.46841	4.876235471E-5	0.0512112586302023
3610.590853	4.223846918E-5	0.0354011777966649
3610.713295	3.945259596E-5	0.0286498513674001
3610.835738	4.415709918E-5	0.0400508141598661
3610.95818	5.274802243E-5	0.0608701848236576
3611.080623	5.975482418E-5	0.0778505719783156
3611.203066	6.043920439E-5	0.0795091091171445
3611.325508	5.159486682E-5	0.058075610436368
3611.447951	4.449162589E-5	0.0408615111443175
3611.570393	4.570354213E-5	0.0437984869127867
3611.692836	4.589306263E-5	0.0442577736999067
3611.815279	4.183319834E-5	0.034419038439619
3611.937721	3.881940938E-5	0.0271153776298588
3612.060164	4.25986691E-5	0.0362740916185348
3612.182606	4.738450662E-5	0.0478721611584484
3612.305049	4.495403482E-5	0.0419821197950719
3612.427492	3.693626422E-5	0.0225517357535605
3612.549934	2.952877549E-5	0.00460031783608249
3612.672377	3.101933908E-5	0.00821257172022257
3612.794819	3.585819286E-5	0.0199391216499648
3612.917262	3.780166298E-5	0.0246489559279376
3613.039705	4.091075243E-5	0.0321835693568765
3613.162147	4.367401198E-5	0.0388800934832807
3613.28459	5.060452531E-5	0.0556756021508291
3613.407032	5.215640704E-5	0.0594364553237679
3613.529475	4.707513654E-5	0.0471224291237911
3613.651918	4.48698629E-5	0.0417781363172818
3613.77436	4.973772229E-5	0.0535749788719662
3613.896803	5.055387737E-5	0.055552861182771
3614.019245	4.180426913E-5	0.0343489309635685
3614.141688	3.651481165E-5	0.021530381352328
3614.26413	3.26816662E-5	0.0122410798873457
3614.386573	3.281290265E-5	0.0125591202443178
3614.509016	4.183724013E-5	0.0344288333733771
3614.631458	4.897875624E-5	0.0517356893036205
3614.753901	5.354522727E-5	0.0628021428421312
3614.876343	5.047312879E-5	0.0553571738778478
3614.998786	4.101126615E-5	0.0324271557948623
3615.121229	3.738313899E-5	0.023634698690859
3615.243671	3.644067692E-5	0.0213507221494676
3615.366114	3.885262777E-5	0.0271958795682581
3615.488556	4.192281267E-5	0.034636211134423
3615.610999	4.321371671E-5	0.0377646071074805
3615.733442	4.37883391E-5	0.0391571555194482
3615.855884	4.1909836E-5	0.034604763280118
3615.978327	3.835578536E-5	0.0259918243119989
3616.100769	4.089785944E-5	0.0321523242939231
3616.223212	4.477866605E-5	0.0415571285200675
3616.345655	4.704247476E-5	0.0470432760823111
3616.468097	4.783394616E-5	0.0489613395973576
3616.59054	4.614200225E-5	0.0448610576626267
3616.712982	4.537175118E-5	0.0429944198096449
3616.835425	5.003128899E-5	0.0542864127614316
3616.957868	5.401738599E-5	0.0639463792783979
3617.08031	5.34531755E-5	0.0625790632191246
3617.202753	4.975383126E-5	0.0536140175884909
3617.325195	4.656503006E-5	0.0458862295238096
3617.447638	4.247947436E-5	0.0359852333199539
3617.57008	3.625669706E-5	0.0209048626313986
3617.692523	3.324232603E-5	0.0135997912245781
3617.814966	3.266100612E-5	0.0121910119434302
3617.937408	3.532777191E-5	0.0186536916624614
3618.059851	3.81663267E-5	0.025532687388851
3618.182293	3.663979078E-5	0.0218332576273207
3618.304736	3.605135134E-5	0.0204072247717072
3618.427179	3.692008613E-5	0.0225125295306039
3618.549621	3.77048309E-5	0.024414291630865
3618.672064	3.886559716E-5	0.0272273097801033
3618.794506	4.410607653E-5	0.0399271651140433
3618.916949	4.967653877E-5	0.0534267058232697
3619.039392	5.082011558E-5	0.0561980668047459
3619.161834	4.782060205E-5	0.0489290012835136
3619.284277	4.629875912E-5	0.0452409445834679
3619.406719	4.495230678E-5	0.041977932037338
3619.529162	4.48368628E-5	0.0416981633861021
3619.651605	4.50824009E-5	0.0422932040548665
3619.774047	4.646452362E-5	0.0456426607282837
3619.89649	4.802496915E-5	0.0494242675410004
3620.018932	4.405907748E-5	0.0398132669200633
3620.141375	3.791871859E-5	0.024932630227189
3620.263818	3.840504723E-5	0.0261112062574867
3620.38626	4.356352656E-5	0.0386123414798014
3620.508703	4.723314487E-5	0.0475053488513346
3620.631145	4.995943527E-5	0.0541122813919944
3620.753588	4.977552089E-5	0.0536665805591274
3620.876031	5.054339272E-5	0.055527452526649
3620.998473	5.163311289E-5	0.0581682965289557
3621.120916	5.313193833E-5	0.0618005723027709
3621.243358	5.080918345E-5	0.0561715737189632
3621.365801	4.515249384E-5	0.0424630683239687
3621.488243	4.364553752E-5	0.0388110880551166
3621.610686	4.490756328E-5	0.0418694999766401
3621.733129	4.646350135E-5	0.0456401833440225
3621.855571	4.577228901E-5	0.0439650891201454
3621.978014	4.331189848E-5	0.0380025422632925
3622.100456	4.903708759E-5	0.0518770503612891
3622.222899	5.414230691E-5	0.0642491144864144
3622.345342	5.508703543E-5	0.0665385835763093
3622.467784	5.520781997E-5	0.0668312946197604
3622.590227	5.089538899E-5	0.0563804855015859
3622.712669	4.536044435E-5	0.0429670186703316
3622.835112	4.838913082E-5	0.0503067823265068
3622.957555	5.166300252E-5	0.0582407315010611
3623.079997	4.970169175E-5	0.0534876619275998
3623.20244	4.313422323E-5	0.0375719614304894
3623.324882	4.136495045E-5	0.0332842795667064
3623.447325	4.435428127E-5	0.0405286681576854
3623.569768	5.032908302E-5	0.0550080912250396
3623.69221	5.115264503E-5	0.0570039235997273
3623.814653	5.011501707E-5	0.054489320630791
3623.937095	4.939024802E-5	0.052732904578815
3624.059538	4.688711124E-5	0.0466667658264999
3624.181981	4.422376514E-5	0.0402123734348715
3624.304423	4.445676313E-5	0.0407770242153017
3624.426866	4.631950651E-5	0.0452912241157308
3624.549308	4.709167479E-5	0.0471625081638268
3624.671751	4.519078357E-5	0.0425558602228472
3624.794193	4.012605859E-5	0.0302819306811319
3624.916636	4.36944938E-5	0.0389297294292716
3625.039079	4.972008537E-5	0.0535322372987776
3625.161521	5.733975195E-5	0.0719978501609953
3625.283964	5.9855156E-5	0.0780937175971468
3625.406406	5.829806469E-5	0.0743202394508651
3625.528849	5.603592581E-5	0.0688381385793791
3625.651292	4.848671233E-5	0.0505432628033429
3625.773734	4.066431211E-5	0.0315863422347994
3625.896177	3.997931344E-5	0.029926306310845
3626.018619	4.364802953E-5	0.0388171272290654
3626.141062	5.159044304E-5	0.0580648897823853
3626.263505	5.41685913E-5	0.0643128124664984
3626.385947	5.283055725E-5	0.0610702009290569
3626.50839	4.82060168E-5	0.0498630210979198
3626.630832	4.650474511E-5	0.0457401340829618
3626.753275	4.202018681E-5	0.0348721890677293
3626.875718	3.596287206E-5	0.020192802773887
3626.99816	3.562149141E-5	0.0193654958497102
3627.120603	3.831210051E-5	0.0258859577993931
3627.243045	4.372002149E-5	0.0389915936113664
3627.365488	4.853475912E-5	0.0506597001059594
3627.487931	4.991836613E-5	0.0540127538297498
3627.610373	5.188384966E-5	0.0587759357316074
3627.732816	4.940999497E-5	0.0527807596299621
3627.855258	4.665300366E-5	0.0460994260492271
3627.977701	4.271632133E-5	0.0365592117755321
3628.100144	3.635751273E-5	0.0211491808194873
3628.222586	3.230269795E-5	0.0113226826165333
3628.345029	3.099261448E-5	0.00814780692870361
3628.467471	4.07649386E-5	0.0318302019612736
3628.589914	4.855170482E-5	0.0507007665663608
3628.712356	4.912093209E-5	0.0520802403646011
3628.834799	4.791284664E-5	0.0491525481893644
3628.957242	4.425164298E-5	0.0402799330052898
3629.079684	3.824245869E-5	0.0257171867811814
3629.202127	3.945788194E-5	0.0286626614896348
3629.324569	4.866126619E-5	0.0509662792133819
3629.447012	5.78629697E-5	0.0732658238069157
3629.569455	6.173807924E-5	0.0826568216692298
3629.691897	5.740085544E-5	0.0721459292638043
3629.81434	4.844605792E-5	0.0504447403039238
3629.936782	3.950946848E-5	0.0287876770748367
3630.059225	3.8463284E-5	0.0262523381085822
3630.181668	3.884947E-5	0.0271882269816631
3630.30411	4.099163925E-5	0.0323795916746635
3630.426553	4.845547664E-5	0.0504675657694939
3630.548995	5.594721733E-5	0.0686231611348837
3630.671438	5.727487587E-5	0.0718406285076958
3630.793881	5.165012772E-5	0.0582095305200231
3630.916323	4.594983693E-5	0.0443953613795402
3631.038766	4.451420318E-5	0.0409162252833472
3631.161208	4.402498962E-5	0.0397306578951863
3631.283651	4.111712769E-5	0.0326837022190548
3631.406094	3.777166785E-5	0.0245762652855694
3631.528536	3.928949809E-5	0.0282545975732279
3631.650979	4.381151666E-5	0.0392133243616879
3631.773421	4.33506284E-5	0.0380964009251376
3631.895864	3.893359099E-5	0.0273920870349368
3632.018307	4.010285193E-5	0.0302256913175211
3632.140749	4.817421723E-5	0.0497859575489258
3632.263192	5.141142174E-5	0.0576310469120729
3632.385634	4.905900641E-5	0.0519301687543667
3632.508077	4.668877227E-5	0.0461861082285515
3632.630519	4.657423415E-5	0.0459085348518584
3632.752962	4.798544251E-5	0.0493284780961053
3632.875405	4.569375596E-5	0.0437747709634435
3632.997847	4.263254596E-5	0.0363561893028862
3633.12029	4.248563346E-5	0.0360001593741303
3633.242732	4.4699922E-5	0.0413662990228399
3633.365175	4.636611266E-5	0.0454041701500307
3633.487618	5.132242586E-5	0.0574153729781601
3633.61006	5.374737157E-5	0.0632920223331711
3633.732503	5.0004488E-5	0.0542214628452551
3633.854945	4.347245704E-5	0.0383916422559952
3633.977388	3.818258847E-5	0.0255720964031591
3634.099831	3.993469727E-5	0.0298181828235553
3634.222273	4.511938823E-5	0.0423828396982921
3634.344716	4.928716226E-5	0.0524830850209929
3634.467158	5.165766925E-5	0.0582278067755399
3634.589601	4.840735346E-5	0.0503509433422198
3634.712044	4.856802116E-5	0.0507403078264153
3634.834486	4.963515676E-5	0.0533264200472325
3634.956929	4.530977458E-5	0.0428442247991282
3635.079371	3.83352417E-5	0.0259420385020359
3635.201814	3.290486711E-5	0.012781988278977
3635.324257	3.39248254E-5	0.0152537703078895
3635.446699	3.890419248E-5	0.0273208422503145
3635.569142	3.975349682E-5	0.0293790589688525
3635.691584	4.142790203E-5	0.0334368373581977
3635.814027	4.146990977E-5	0.0335386395375861
3635.936469	3.712760736E-5	0.0230154395534557
3636.058912	3.976056541E-5	0.0293961890945675
3636.181355	4.430619083E-5	0.0404121250730123
3636.303797	4.770801388E-5	0.0486561534445356
3636.42624	4.658390026E-5	0.0459319598460192
3636.548682	4.600849934E-5	0.0445375247329169
3636.671125	4.43637291E-5	0.0405515641688607
3636.793568	4.394346615E-5	0.0395330927103585
3636.91601	4.100473598E-5	0.032411330484151
3637.038453	4.128790533E-5	0.0330975672816076
3637.160895	4.199753675E-5	0.0348172985768037
3637.283338	4.274019739E-5	0.0366170733730188
3637.405781	4.256916509E-5	0.0362025911636497
3637.528223	3.970311082E-5	0.0292569527900706
3637.650666	3.523557825E-5	0.018430268181127
3637.773108	3.828198896E-5	0.0258129850230723
3637.895551	4.41643715E-5	0.040068438007881
3638.017994	4.669343616E-5	0.046197410768665
3638.140436	4.67103564E-5	0.0462384155289252
3638.262879	4.662949505E-5	0.0460424549355135
3638.385321	4.72112697E-5	0.0474523362403136
3638.507764	4.882926805E-5	0.0513734174095643
3638.630207	4.740022268E-5	0.0479102476910588
3638.752649	5.00782262E-5	0.0544001610914396
3638.875092	4.955962504E-5	0.053143375358112
3638.997534	5.206708738E-5	0.0592199967366068
3639.119977	5.637459617E-5	0.0696588773466216
3639.24242	5.442893962E-5	0.0649437444417986
3639.364862	4.982577229E-5	0.0537883605462755
3639.487305	4.87325924E-5	0.051139132207271
3639.609747	4.844691284E-5	0.050446812129716
3639.73219	4.85894052E-5	0.050792130225719
3639.854632	4.773305773E-5	0.0487168450816072
3639.977075	4.187786544E-5	0.0345272853514252
3640.099518	3.740186003E-5	0.023680067536515
3640.22196	3.665665281E-5	0.0218741213206047
3640.344403	3.838329576E-5	0.0260584934228781
3640.466845	3.968664168E-5	0.0292170412322327
3640.589288	3.786080924E-5	0.0247922918505716
3640.711731	3.692369501E-5	0.0225212753438552
3640.834173	3.78740333E-5	0.0248243392334673
3640.956616	3.926819409E-5	0.0282029691440458
3641.079058	3.900028969E-5	0.0275537256525433
3641.201501	3.891030065E-5	0.0273356448799745
3641.323944	4.139239536E-5	0.0333507899681495
3641.446386	4.267699114E-5	0.036463898410477
3641.568829	4.120263111E-5	0.0328909124736688
3641.691271	4.283627277E-5	0.0368499038721022
3641.813714	4.368504233E-5	0.0389068245968664
3641.936157	4.026211536E-5	0.0306116526729967
3642.058599	3.709839075E-5	0.022944635587988
3642.181042	4.211126725E-5	0.0350929147552253
3642.303484	4.877847095E-5	0.0512503149649527
3642.425927	5.457974839E-5	0.065309216648989
3642.54837	5.62965979E-5	0.0694698551836934
3642.670812	5.701537884E-5	0.0712117595611919
3642.793255	5.6804427E-5	0.0707005357472475
3642.915697	5.377535126E-5	0.063359828728388
3643.03814	4.680306665E-5	0.046463090922118
3643.160582	4.089215872E-5	0.0321385090846287
3643.283025	3.838818884E-5	0.0260703513854327
3643.405468	4.081321458E-5	0.0319471946863311
3643.52791	4.011196506E-5	0.0302477762117585
3643.650353	3.764973007E-5	0.024280759463219
3643.772795	3.684282638E-5	0.0223252971079837
3643.895238	3.804098742E-5	0.0252289383210133
3644.017681	4.126497515E-5	0.0330419979437244
3644.140123	4.729448119E-5	0.0476539921978146
3644.262566	5.086600504E-5	0.0563092760018832
3644.385008	5.032537956E-5	0.0549991162052152
3644.507451	4.597779844E-5	0.0444631237170759
3644.629894	4.650591654E-5	0.0457429729437766
3644.752336	4.831363185E-5	0.0501238170042215
3644.874779	4.921945947E-5	0.0523190130768066
3644.997221	4.619715037E-5	0.0449947044335592
3645.119664	4.336671554E-5	0.0381353867385169
3645.242107	4.908195478E-5	0.0519857821741653
3645.364549	5.453212725E-5	0.0651938108728877
3645.486992	5.74049518E-5	0.0721558564433088
3645.609434	5.772399527E-5	0.0729290311145867
3645.731877	5.565961328E-5	0.0679261772197547
3645.85432	5.345640238E-5	0.0625868832879173
3645.976762	5.018560842E-5	0.0546603927540704
3646.099205	4.389900641E-5	0.0394253483178479
3646.221647	4.164681377E-5	0.0339673513117144
3646.34409	4.984705811E-5	0.0538399449177763
3646.466533	5.852914546E-5	0.074880244011947
3646.588975	6.164230581E-5	0.0824247229202493
3646.711418	5.587514897E-5	0.0684485096036909
3646.83386	5.125721509E-5	0.0572573402321568
3646.956303	5.140030407E-5	0.0576041041859057
3647.078745	5.2362735E-5	0.0599364735584255
3647.201188	5.005843559E-5	0.0543522002340018
3647.323631	4.623073983E-5	0.0450761056284932
3647.446073	4.498034832E-5	0.0420458883207612
3647.568516	4.681427163E-5	0.0464902452366325
3647.690958	4.359749801E-5	0.0386946683949599
3647.813401	3.919626033E-5	0.028028643804487
3647.935844	4.382450425E-5	0.0392447986796827
3648.058286	4.720774086E-5	0.0474437843971839
3648.180729	4.530111619E-5	0.0428232419285431
3648.303171	4.258711488E-5	0.0362460909506309
3648.425614	3.993627615E-5	0.0298220091047357
3648.548057	4.102765888E-5	0.0324668821795744
3648.670499	4.600930333E-5	0.0445394731341926
3648.792942	4.921935033E-5	0.0523187485853139
3648.915384	4.875063314E-5	0.0511828524038295
3649.037827	4.672974683E-5	0.046285406584223
3649.16027	4.81174975E-5	0.0496485021150387
3649.282712	4.999043813E-5	0.0541874141821725
3649.405155	4.96470384E-5	0.0533552141896145
3649.527597	4.623612404E-5	0.045089153802765
3649.65004	4.226365854E-5	0.035462222064826
3649.772483	4.14866663E-5	0.0335792475606072
3649.894925	4.583460395E-5	0.04411610406883
3650.017368	4.934894605E-5	0.0526328127728994
3650.13981	4.714972238E-5	0.047303181553308
3650.262253	4.273484956E-5	0.0366041133625779
3650.384695	3.762542838E-5	0.0242218663876853
3650.507138	4.623008499E-5	0.0450745186795369
3650.629581	5.473620331E-5	0.0656883718197273
3650.752023	5.244484419E-5	0.0601354581857778
3650.874466	4.540578811E-5	0.0430769054100054
3650.996908	4.718183118E-5	0.0473809944948646
3651.119351	4.891786375E-5	0.0515881215413371
3651.241794	4.695144889E-5	0.0468226826405615
3651.364236	4.176871153E-5	0.0342627601490039
3651.486679	4.163592894E-5	0.0339409728534524
3651.609121	3.936315989E-5	0.0284331106705207
3651.731564	4.099546277E-5	0.0323888576496704
3651.854007	4.489376079E-5	0.0418360508179139
3651.976449	4.466577593E-5	0.0412835489309866
3652.098892	4.191604603E-5	0.0346198127588109
3652.221334	3.833532537E-5	0.0259422412691534
3652.343777	3.580394332E-5	0.0198076525111153
3652.46622	4.496899055E-5	0.0420183637326973
3652.588662	5.456309009E-5	0.0652688466780049
3652.711105	5.704831347E-5	0.0712915738314038
3652.833547	5.084316945E-5	0.0562539358948073
3652.95599	4.030962373E-5	0.0307267851606095
3653.078433	3.391678183E-5	0.0152342774011999
3653.200875	4.306399933E-5	0.0374017797909832
3653.323318	5.571427755E-5	0.0680586514214298
3653.44576	5.851597598E-5	0.0748483288990318
3653.568203	5.168808275E-5	0.0583015113019636
3653.690646	4.096374323E-5	0.032311988046564
3653.813088	3.445380935E-5	0.0165357178483063
3653.935531	3.606215978E-5	0.0204334181053117
3654.057973	4.264247036E-5	0.036380240240859
3654.180416	4.729651118E-5	0.0476589117056514
3654.302858	5.102027353E-5	0.0566831325457714
3654.425301	4.964278924E-5	0.0533449167123265
3654.547744	4.342360626E-5	0.0382732565521029
3654.670186	3.568302418E-5	0.0195146152760303
3654.792629	4.072507727E-5	0.0317336014236746
3654.915071	4.678821642E-5	0.0464271026547554
3655.037514	4.723584061E-5	0.0475118817475833
3655.159957	4.190021718E-5	0.0345814528892437
3655.282399	3.51037088E-5	0.0181106938025781
3655.404842	3.615790411E-5	0.0206654463329211
3655.527284	3.682292663E-5	0.0222770717590531
3655.649727	3.388477126E-5	0.0151567025116804
3655.77217	3.523205669E-5	0.0184217339804571
3655.894612	4.068971975E-5	0.0316479154859458
3656.017055	4.810095925E-5	0.049608423075003
3656.139497	5.102844807E-5	0.0567029428470991
3656.26194	4.799313319E-5	0.0493471158039415
3656.384383	4.18940981E-5	0.0345666238201281
3656.506825	3.913510955E-5	0.0278804500983914
3656.629268	4.046042886E-5	0.0310922485465699
3656.75171	4.010328848E-5	0.0302267492592579
3656.874153	3.809297777E-5	0.0253549325053508
3656.996596	3.852888403E-5	0.0264113141930358
3657.119038	4.127852299E-5	0.0330748299798684
3657.241481	4.456985698E-5	0.0410510975266825
3657.363923	4.729504872E-5	0.0476553675584236
3657.486366	4.992286267E-5	0.0540236508113943
3657.608808	5.104044249E-5	0.0567320103022038
3657.731251	5.04645941E-5	0.0553364907836751
3657.853694	4.916393664E-5	0.0521844582281094
3657.976136	4.976437413E-5	0.0536395673358234
3658.098579	4.872344653E-5	0.0511169679704326
3658.221021	4.677239849E-5	0.046388769248878
3658.343464	4.887389878E-5	0.0514815761817738
3658.465907	5.418893852E-5	0.0643621222208554
3658.588349	5.890894317E-5	0.0758006514084103
3658.710792	5.710390178E-5	0.0714262873653029
3658.833234	5.116489046E-5	0.0570335993561843
3658.955677	4.640971019E-5	0.0455098250500551
3659.07812	4.972177339E-5	0.0535363280714507
3659.200562	4.741323937E-5	0.0479417925304246
3659.323005	4.366183202E-5	0.0388505763877916
3659.445447	4.15299146E-5	0.0336840561314764
3659.56789	4.047513357E-5	0.0311278841586089
3659.690333	4.129987428E-5	0.033126573012337
3659.812775	4.205336882E-5	0.0349526028422977
3659.935218	4.093438474E-5	0.0322408402470025
3660.05766	4.122819882E-5	0.0329528736408244
3660.180103	4.499403076E-5	0.0420790465485389
3660.302546	4.742364399E-5	0.0479670072406592
3660.424988	4.981991879E-5	0.0537741750876659
3660.547431	5.092015635E-5	0.0564405070886957
3660.669873	4.868815086E-5	0.05103143192091
3660.792316	4.767952487E-5	0.048587112755686
3660.914759	4.840459223E-5	0.050344251736535
3661.037201	5.046005026E-5	0.0553254791745099
3661.159644	5.062408673E-5	0.0557230075858259
3661.282086	4.784681369E-5	0.0489925229601699
3661.404529	4.29397769E-5	0.0371007373139797
3661.526971	3.976886001E-5	0.0294162903510777
3661.649414	4.127934153E-5	0.0330768136418296
3661.771857	4.531260856E-5	0.0428510927082407
3661.894299	4.929950228E-5	0.0525129900082571
3662.016742	5.091288767E-5	0.0564228920619107
3662.139184	4.873516446E-5	0.0511453653755756
3662.261627	4.200413241E-5	0.034833282596951
3662.38407	3.533766721E-5	0.0186776720790632
3662.506512	3.636601468E-5	0.021169784571059
3662.628955	3.753135752E-5	0.0239938936720634
3662.751397	3.830671267E-5	0.0258729008281255
3662.87384	3.957498484E-5	0.0289464503921728
3662.996283	4.895133679E-5	0.0516692406023186
3663.118725	5.641880489E-5	0.0697660134135457
3663.241168	5.646546924E-5	0.0698791004905877
3663.36361	5.063965364E-5	0.0557607326661168
3663.486053	4.482017903E-5	0.0416577316907428
3663.608496	4.4398912E-5	0.0406368269298948
3663.730938	4.914833698E-5	0.0521466537809833
3663.853381	4.700189675E-5	0.0469449387317837
3663.975823	3.564872168E-5	0.0194314860893978
3664.098266	3.043369179E-5	0.00679330540227996
3664.220709	3.870160799E-5	0.026829895996308
3664.343151	5.122959556E-5	0.057190406654019
3664.465594	5.697595043E-5	0.0711162081683339
3664.588036	5.383058306E-5	0.063493678290672
3664.710479	4.729333887E-5	0.0476512238826051
3664.832921	4.199445175E-5	0.0348098223421047
3664.955364	4.24439022E-5	0.0358990272204695
3665.077807	4.679705671E-5	0.0464485263444951
3665.200249	5.005722051E-5	0.0543492555911305
3665.322692	4.732700472E-5	0.0477328102021967
3665.445134	4.189681567E-5	0.0345732096195222
3665.567577	3.906213169E-5	0.027703594471426
3665.69002	4.096932025E-5	0.032325503479446
3665.812462	3.988364551E-5	0.0296944632321273
3665.934905	4.200274998E-5	0.0348299323956107
3666.057347	4.986692511E-5	0.0538880908998717
3666.17979	5.462549234E-5	0.0654200732150368
3666.302233	5.781191066E-5	0.0731420865730279
3666.424675	5.796585174E-5	0.073515149666672
3666.547118	5.748038166E-5	0.0723386542833964
3666.66956	6.02064647E-5	0.0789450843047605
3666.792003	6.277755892E-5	0.0851759121238441
3666.914446	5.714473082E-5	0.0715252330656509
3667.036888	4.831448314E-5	0.0501258800330179
3667.159331	4.881490167E-5	0.0513386017114591
3667.281773	5.374778266E-5	0.0632930185747666
3667.404216	5.970734492E-5	0.0777355100363081
3667.526659	5.690080798E-5	0.0709341068418979
3667.649101	5.182719542E-5	0.0586386390071563
3667.771544	5.856341159E-5	0.0749632850589827
3667.893986	6.339485844E-5	0.086671884924842
3668.016429	6.227182166E-5	0.0839503009563331
3668.138872	5.337136827E-5	0.0623808103661093
3668.261314	4.238792462E-5	0.0357633703238861
3668.383757	4.596819781E-5	0.0444398574081171
3668.506199	5.062692071E-5	0.0557298754949384
3668.628642	4.9334918E-5	0.052598816988728
3668.751084	4.410224938E-5	0.0399178903420407
3668.873527	3.673307947E-5	0.0220593348205781
3668.99597	3.711285171E-5	0.0229796804926662
3669.118412	4.200399781E-5	0.0348329564053172
3669.240855	4.613374404E-5	0.0448410445941816
3669.363297	5.003832121E-5	0.0543034547475499
3669.48574	5.343633893E-5	0.0625382612259818
3669.608183	5.013659393E-5	0.0545416103129391
3669.730625	4.120991434E-5	0.0329085627611393
3669.853068	3.678494249E-5	0.0221850204315075
3669.97551	3.382436626E-5	0.0150103161398843
3670.097953	3.246340566E-5	0.0117121440615555
3670.220396	3.567722888E-5	0.0195005708601629
3670.342838	4.235414963E-5	0.0356815195128017
3670.465281	4.929793431E-5	0.0525091901665323
3670.587723	4.974175681E-5	0.0535847561874987
3670.710166	4.056455509E-5	0.0313445895948028
3670.832609	3.163194924E-5	0.00969718025673168
3670.955051	3.445312905E-5	0.0165340691992088
3671.077494	4.030904529E-5	0.0307253833605449
3671.199936	4.258043191E-5	0.0362298953421362
3671.322379	3.915359048E-5	0.0279252370579166
3671.444822	3.95210518E-5	0.0288157482641116
3671.567264	4.36068367E-5	0.0387172999146426
3671.689707	4.287344564E-5	0.0369399891559123
3671.812149	4.022561916E-5	0.0305232072412884
3671.934592	3.816678509E-5	0.0255337982579672
3672.057034	3.822701183E-5	0.0256797526318387
3672.179477	3.940051829E-5	0.0285236455704811
3672.30192	3.884017133E-5	0.0271656924470413
3672.424362	3.899690637E-5	0.0275455264647372
3672.546805	4.231013372E-5	0.0355748507044877
3672.669247	4.265815733E-5	0.0364182562763325
3672.79169	3.858353375E-5	0.0265437531340253
3672.914133	3.792321513E-5	0.0249435272088335
3673.036575	4.025888848E-5	0.0306038326042041
3673.159018	4.499823262E-5	0.0420892293983063
3673.28146	4.862388596E-5	0.0508756914102761
3673.403903	5.057297312E-5	0.0555991381061917
3673.526346	5.134311141E-5	0.0574655026464509
3673.648788	4.958406498E-5	0.0532026034707437
3673.771231	4.592926052E-5	0.0443454962027422
3673.893673	4.041083594E-5	0.0309720643296081
3674.016116	3.64721418E-5	0.0214269746057576
3674.138559	3.73258008E-5	0.0234957444718464
3674.261001	3.742667468E-5	0.0237402037269114
3674.383444	3.825476597E-5	0.0257470124258445
3674.505886	3.936674693E-5	0.0284418035563925
3674.628329	4.108170469E-5	0.032597857596124
3674.750772	4.171101682E-5	0.0341229419341421
3674.873214	4.572703256E-5	0.043855413968819
3674.995657	4.937789345E-5	0.0527029643308653
3675.118099	4.721303048E-5	0.0474566033406485
3675.240542	4.259254274E-5	0.0362592449069593
3675.362985	3.655456385E-5	0.0216267174226684
3675.485427	3.507966539E-5	0.0180524266466223
3675.60787	3.828279296E-5	0.0258149334485821
3675.730312	4.10893299E-5	0.0326163366429924
3675.852755	4.507051926E-5	0.0422644099124844
3675.975197	5.101298666E-5	0.0566654734370709
3676.09764	5.246862929E-5	0.0601930993494531
3676.220083	4.836719017E-5	0.0502536110302838
3676.342525	4.451000132E-5	0.0409060424335799
3676.464968	4.19965254E-5	0.0348148476562323
3676.58741	3.852841473E-5	0.0264101768844639
3676.709853	4.058754712E-5	0.0314003088208921
3676.832296	3.994228246E-5	0.0298365648853628
3676.954738	4.252786675E-5	0.0361025081547298
3677.077181	4.78836555E-5	0.0490818059482719
3677.199623	4.877745596E-5	0.0512478552231514
3677.322066	4.642907516E-5	0.0455567544052118
3677.444509	4.618533421E-5	0.0449660689763791
3677.566951	4.737217751E-5	0.0478422826106399
3677.689394	4.686708417E-5	0.0466182319283954
3677.811836	4.413887291E-5	0.0400066443471573
3677.934279	4.249048288E-5	0.0360119115303941
3678.056722	4.175037247E-5	0.0342183169993383
3678.179164	4.070947762E-5	0.0316957970007826
3678.301607	3.969195677E-5	0.0292299219000726
3678.424049	4.128726869E-5	0.0330960244388009
3678.546492	4.709436325E-5	0.0471690234176158
3678.668935	4.986534259E-5	0.0538842557974613
3678.791377	4.569676457E-5	0.0437820620734848
3678.91382	3.693281906E-5	0.0225433867017824
3679.036262	3.417635889E-5	0.0158633402935913
3679.158705	3.992996062E-5	0.02980670395578
3679.281147	4.673487274E-5	0.0462978287904486
3679.40359	4.63444303E-5	0.0453516247976199
3679.526033	4.1137675E-5	0.0327334968744818
3679.648475	3.597112664E-5	0.0202128070453364
3679.770918	3.9029248E-5	0.0276239036499648
3679.89336	5.31157857E-5	0.0617614277799554
3680.015803	6.068296716E-5	0.0800998474248884
3680.138246	5.771069482E-5	0.0728967986070334
3680.260688	5.134519597E-5	0.0574705544000341
3680.383131	5.209481969E-5	0.0592872036274673
3680.505573	4.985132546E-5	0.0538502864769797
3680.628016	4.903638546E-5	0.0518753488090462
3680.750459	4.596134022E-5	0.0444232386229277
3680.872901	4.478180927E-5	0.0415647458459769
3680.995344	4.522637755E-5	0.0426421192012427
3681.117786	4.593954873E-5	0.0443704288032583
3681.240229	4.618903768E-5	0.0449750440204377
3681.362672	4.949019058E-5	0.052975106859196
3681.485114	5.491660704E-5	0.0661255648913801
3681.607557	5.973986845E-5	0.0778143280406902
3681.729999	5.952106221E-5	0.0772840697574364
3681.852442	5.317011164E-5	0.0618930820676967
3681.974885	4.395842552E-5	0.0395693454692138
3682.097327	3.721474422E-5	0.0232266083107623
3682.21977	3.791834752E-5	0.0249317309706542
3682.342212	4.523446478E-5	0.0426617179142231
3682.464655	4.813583291E-5	0.0496929364192402
3682.587098	4.421599442E-5	0.0401935417569137
3682.70954	4.144915147E-5	0.0334883335658676
3682.831983	3.699804074E-5	0.0227014458872413
3682.954425	3.677638233E-5	0.0221642756129595
3683.076868	4.169837848E-5	0.0340923139937708
3683.19931	4.680352868E-5	0.0464642106124642
3683.321753	5.084277291E-5	0.0562529749138972
3683.444196	4.8818496E-5	0.0513473122640249
3683.566638	4.519222784E-5	0.0425593602881596
3683.689081	4.549037112E-5	0.0432818851293911
3683.811523	5.022314872E-5	0.0547513684731853
3683.933966	5.315580711E-5	0.0618584162577977
3684.056409	5.02115181E-5	0.0547231826563897
3684.178851	4.789790182E-5	0.0491163306911947
3684.301294	4.614428326E-5	0.0448665854960499
3684.423736	4.455160888E-5	0.0410068748108283
3684.546179	4.258066474E-5	0.0362304595858072
3684.668622	3.995026054E-5	0.0298558990826163
3684.791064	4.203430581E-5	0.034906405261478
3684.913507	4.83026015E-5	0.0500970858906358
3685.035949	5.126256292E-5	0.0572703002425977
3685.158392	5.581242658E-5	0.0682965072346407
3685.280835	5.739430344E-5	0.0721300510499477
3685.403277	5.230947136E-5	0.0598073936642403
3685.52572	4.279767745E-5	0.036756371401891
3685.648162	3.561734775E-5	0.019355454042685
3685.770605	3.369822662E-5	0.0147046274677666
3685.893048	3.310744432E-5	0.0132729168905237
3686.01549	3.6345853E-5	0.0211209244570864
3686.137933	4.289053686E-5	0.0369814082716373
3686.260375	4.922956941E-5	0.052343513655164
3686.382818	5.192253957E-5	0.0588696974326258
3686.50526	4.858284956E-5	0.0507762431906325
3686.627703	4.237508256E-5	0.035732248685449
3686.750146	4.173593697E-5	0.0341833337948012
3686.872588	4.695232565E-5	0.0468248073937332
3686.995031	4.875812374E-5	0.0512010052348298
3687.117473	4.746344712E-5	0.048063466735516
3687.239916	4.53062421E-5	0.0428356641347686
3687.362359	4.721266305E-5	0.0474557129053437
3687.484801	4.751594679E-5	0.0481906952134863
3687.607244	4.322448513E-5	0.0377907034560242
3687.729686	4.370207171E-5	0.0389480938486193
3687.852129	4.462616926E-5	0.041187565540204
3687.974572	4.829687168E-5	0.0500832001599704
3688.097014	4.875946252E-5	0.0512042496541135
3688.219457	4.470551721E-5	0.0413798585376373
3688.341899	4.494638051E-5	0.0419635702268325
3688.464342	4.634157813E-5	0.0453447128065919
3688.586785	4.728129716E-5	0.0476220418242139
3688.709227	4.774396075E-5	0.0487432676217847
3688.83167	4.585397983E-5	0.0441630598634423
3688.954112	4.546400305E-5	0.0432179843579555
3689.076555	4.456144234E-5	0.0410307053634581
3689.198998	4.509363498E-5	0.042320428890752
3689.32144	4.504395474E-5	0.0422000330612088
3689.443883	4.177774827E-5	0.0342846599185836
3689.566325	4.116614218E-5	0.0328024846601861
3689.688768	4.491742584E-5	0.0418934010506409
3689.811211	4.680610073E-5	0.0464704437565347
3689.933653	4.723075835E-5	0.0474995653234144
3690.056096	4.377910591E-5	0.0391347796700284
3690.178538	3.907761493E-5	0.0277411167845996
3690.300981	4.146862921E-5	0.0335355362095128
3690.423423	4.665653614E-5	0.0461079867135867
3690.545866	4.87429279E-5	0.0511641794110736
3690.668309	4.427142267E-5	0.0403278673990378
3690.790751	3.549550456E-5	0.0190601774511419
3690.913194	3.117352753E-5	0.00858623429398906
3691.035636	3.656925765E-5	0.0216623265952518
3691.158079	4.300719957E-5	0.0372641304112086
3691.280522	4.767449718E-5	0.0485749285772634
3691.402964	5.005342973E-5	0.0543400689587246
3691.525407	4.948801143E-5	0.0529698258748057
3691.647849	4.493760207E-5	0.041942296425299
3691.770292	4.262341827E-5	0.0363340691237291
3691.892735	4.664326843E-5	0.0460758335486344
3692.015177	5.084512304E-5	0.0562586702537523
3692.13762	4.660860941E-5	0.0459918403661527
3692.260062	4.06899926E-5	0.0316485767146776
3692.382505	3.975585059E-5	0.0293847631299375
3692.504948	4.422556231E-5	0.0402167287232715
3692.62739	4.841782356E-5	0.0503763167376564
3692.749833	4.614853606E-5	0.0448768917945679
3692.872275	4.152417387E-5	0.0336701439613553
3692.994718	3.813311196E-5	0.0254521942959157
3693.117161	4.087070192E-5	0.0320865103576631
3693.239603	4.302118032E-5	0.0372980115678593
3693.362046	4.380814789E-5	0.0392051604345673
3693.484488	4.52578679E-5	0.0427184333819081
3693.606931	4.466999235E-5	0.0412937670656736
3693.729373	4.439798431E-5	0.0406345787522067
3693.851816	4.248558253E-5	0.0360000359496139
3693.974259	3.685836055E-5	0.0223629428456737
3694.096701	3.65135711E-5	0.0215273749850814
3694.219144	4.080134022E-5	0.031918418186409
3694.341586	4.746094055E-5	0.0480573922766475
3694.464029	4.810719111E-5	0.0496235254568413
3694.586472	4.269151759E-5	0.0364991020245913
3694.708914	4.179733878E-5	0.0343321358507173
3694.831357	4.801790783E-5	0.0494071550335111
3694.953799	4.995828203E-5	0.0541094866130952
3695.076242	4.823481504E-5	0.0499328111793321
3695.198685	4.783835902E-5	0.0489720337876505
3695.321127	4.999438897E-5	0.0541969887063534
3695.44357	5.161991066E-5	0.0581363020492054
3695.566012	4.829899626E-5	0.0500883488986144
3695.688455	4.341917156E-5	0.0382625094344305
3695.810898	4.436309246E-5	0.040550021326054
3695.93334	4.6502646E-5	0.0457350470686931
3696.055783	4.567775613E-5	0.0437359967384115
3696.178225	4.624358917E-5	0.0451072449093901
3696.300668	4.814597924E-5	0.0497175251856626
3696.423111	4.771419117E-5	0.0486711235806276
3696.545553	4.705373794E-5	0.0470705714395677
3696.667996	4.434439325E-5	0.0405047053835434
3696.790438	4.265230382E-5	0.0364040707934889
3696.912881	4.256579996E-5	0.0361944360577591
3697.035324	4.378684389E-5	0.0391535320053852
3697.157766	4.444348815E-5	0.0407448534321238
3697.280209	4.77135145E-5	0.0486694837285259
3697.402651	5.14321946E-5	0.057681388168711
3697.525094	5.519443221E-5	0.0667988505238598
3697.647536	5.345018144E-5	0.0625718073697688
3697.769979	5.161747322E-5	0.0581303951210029
3697.892422	5.279385368E-5	0.0609812529538187
3698.014864	5.082803909E-5	0.056217268756253
3698.137307	4.805583376E-5	0.0494990652940805
3698.259749	4.010870543E-5	0.0302398767761307
3698.382192	3.731113611E-5	0.0234602058448683
3698.504635	4.406192966E-5	0.0398201789353255
3698.627077	4.887319665E-5	0.0514798746295309
3698.74952	5.027175212E-5	0.054869154672721
3698.871962	4.975995034E-5	0.0536288466576066
3698.994405	4.778449511E-5	0.0488414991902554
3699.116848	4.468421685E-5	0.0413282389296851
3699.23929	4.258487388E-5	0.0362406600780343
3699.361733	4.028816329E-5	0.030674777612414
3699.484175	3.576162999E-5	0.0197051097603941
3699.606618	3.40198676E-5	0.0154840969832562
3699.729061	3.814286902E-5	0.0254758396996538
3699.851503	4.326874114E-5	0.0378979541262347
3699.973946	4.571347017E-5	0.0438225466719895
3700.096388	4.50516236E-5	0.0422186178901337
3700.218831	4.394018833E-5	0.0395251491928152
3700.341274	4.269043711E-5	0.0364964835733539
3700.463716	4.086401896E-5	0.0320703147734026
3700.586159	3.950942846E-5	0.0287875800897758
3700.708601	3.899947842E-5	0.0275517596088077
3700.831044	4.008171891E-5	0.0301744772438038
3700.953486	4.324642214E-5	0.0378438659310172
3701.075929	3.943527554E-5	0.0286078768049999
3701.198372	3.544615902E-5	0.0189405927385367
3701.320814	3.926047793E-5	0.0281842696876002
3701.443257	4.311911835E-5	0.0375353560405446
3701.565699	4.793410335E-5	0.04920406201526
3701.688142	4.745406113E-5	0.0480407205883127
3701.810585	4.500603973E-5	0.0421081492643292
3701.933027	4.698368502E-5	0.0469008041555263
3702.05547	4.879309927E-5	0.0512857654523341
3702.177912	4.608883683E-5	0.0447322157962445
3702.300355	3.967164957E-5	0.0291807091307764
3702.422798	3.671900413E-5	0.0220252244331202
3702.54524	3.513698539E-5	0.0181913367837195
3702.667683	3.619198469E-5	0.0207480377153383
3702.790125	3.738527448E-5	0.0236398738689587
3702.912568	3.931711763E-5	0.0283215311755999
3703.035011	4.203089338E-5	0.0348981355280667
3703.157453	4.688469562E-5	0.0466609117772087
3703.279896	4.928532144E-5	0.0524786239505363
3703.402338	4.750144581E-5	0.0481555533237472
3703.524781	4.423847713E-5	0.0402480266893704
3703.647224	4.196126611E-5	0.0347293997705406
3703.769666	4.081258885E-5	0.03194567828298
3703.892109	4.487458864E-5	0.0417895887456015
3704.014551	5.043390047E-5	0.0552621073860598
3704.136994	5.405617776E-5	0.0640403878284492
3704.259437	5.273192437E-5	0.0608311725465885
3704.381879	4.53574612E-5	0.0429597892604314
3704.504322	4.066395559E-5	0.0315854782389501
3704.626764	4.304896356E-5	0.0373653418832362
3704.749207	4.693727897E-5	0.0467883430465305
3704.871649	4.616024307E-5	0.0449052627360211
3704.994092	4.028201511E-5	0.0306598780219273
3705.116535	4.134292976E-5	0.0332309143003618
3705.238977	4.783767508E-5	0.0489703763173231
3705.36142	5.003217302E-5	0.054288555132829
3705.483862	4.825452561E-5	0.0499805780666483
3705.606305	4.215544323E-5	0.0351999714795484
3705.728748	4.164630809E-5	0.0339661258393116
3705.85119	4.098911813E-5	0.0323734819551095
3705.973633	4.161874676E-5	0.0338993333039159
3706.096075	4.32380657E-5	0.0378236148105349
3706.218518	4.257720866E-5	0.0362220840703393
3706.340961	4.138812437E-5	0.0333404395877162
3706.463403	4.057796468E-5	0.0313770865938488
3706.585846	4.050665302E-5	0.0312042688606453
3706.708288	4.236991663E-5	0.0357197294941627
3706.830731	4.355080819E-5	0.0385815195935426
3706.953174	4.518840069E-5	0.0425500855161569
3707.075616	5.127021723E-5	0.0572888498108371
3707.198059	5.410921221E-5	0.0641689123001933
3707.320501	5.203428373E-5	0.0591404998852672
3707.442944	4.954367978E-5	0.0531047333788264
3707.565387	4.670086491E-5	0.0462154137114591
3707.687829	4.368619193E-5	0.0389096105545357
3707.810272	4.030050695E-5	0.0307046914209081
3707.932714	3.86254942E-5	0.0266454407101272
3708.055157	3.910349915E-5	0.0278038449867778
3708.177599	4.242806244E-5	0.0358606409114468
3708.300042	4.447058018E-5	0.0408105086589475
3708.422485	4.631284901E-5	0.0452750902316114
3708.544927	4.813836858E-5	0.0496990813994798
3708.66737	4.977420758E-5	0.053663397864219
3708.789812	5.038165909E-5	0.0551355048519016
3708.912255	4.581075336E-5	0.0440583041957185
3709.034698	3.798785474E-5	0.025100175797232
3709.15714	3.422994996E-5	0.0159932136864887
3709.279583	3.668459249E-5	0.0219418307549949
3709.402025	4.266761971E-5	0.0364411875481934
3709.524468	4.830880789E-5	0.0501121265480988
3709.646911	5.111379141E-5	0.0569097651614698
3709.769353	5.535203672E-5	0.0671807916280333
3709.891796	6.010963261E-5	0.0787104199834538
3710.014238	5.933535795E-5	0.0768340313028634
3710.136681	5.641019743E-5	0.069745153967477
3710.259124	5.980550122E-5	0.0779733834677447
3710.381566	5.900234828E-5	0.0760270107356203
3710.504009	5.355145549E-5	0.0628172364027395
3710.626451	4.703689774E-5	0.0470297606494291
3710.748894	4.439091572E-5	0.0406174486264917
3710.871337	4.794573397E-5	0.0492322478320556
3710.993779	5.239545862E-5	0.0600157764638776
3711.116222	5.025371502E-5	0.0548254432973924
3711.238664	4.281332804E-5	0.0367942992735335
3711.361107	3.834324161E-5	0.0259614256024348
3711.48355	4.0844865E-5	0.0320238967830056
3711.605992	4.528068166E-5	0.0427737205858387
3711.728435	4.428527973E-5	0.0403614488035103
3711.850877	3.665769691E-5	0.0218766516080112
3711.97332	3.026554623E-5	0.00638581896138889
3712.095762	3.213057425E-5	0.010905555492237
3712.218205	3.921239841E-5	0.0280677530666169
3712.340648	4.523089228E-5	0.0426530602648027
3712.46309	4.550420272E-5	0.0433154048337225
3712.585533	4.526914563E-5	0.0427457639998502
3712.707975	4.545951742E-5	0.0432071138157666
3712.830418	4.73414475E-5	0.0477678110491937
3712.952861	4.957111014E-5	0.053171208519584
3713.075303	5.267706729E-5	0.0606982310863033
3713.197746	5.430293459E-5	0.064638381985549
3713.320188	5.583087113E-5	0.068341206030335
3713.442631	6.14743476E-5	0.0820176905061235
3713.565074	6.952488184E-5	0.101527474438148
3713.687516	7.684041339E-5	0.119256041963427
3713.809959	8.167110354E-5	0.130962808031297
3713.932401	8.377111953E-5	0.136052017889585
3714.054844	8.645935304E-5	0.142566722799272
3714.177287	8.606289339E-5	0.141605936610594
3714.299729	8.025752322E-5	0.127537116544049
3714.422172	6.958834274E-5	0.101681266523272
3714.544614	5.647359649E-5	0.0698987961886289
3714.667057	4.785826968E-5	0.0490202855760367
3714.7895	5.087539103E-5	0.0563320221490865
3714.911942	6.116573059E-5	0.0812697834724596
3715.034385	8.055370563E-5	0.128254889383876
3715.156827	1.034425077E-4	0.183723951378521
3715.27927	1.228126202E-4	0.230665768945898
3715.401712	1.328078797E-4	0.254888428880764
3715.524155	1.34086833E-4	0.257987863253476
3715.646598	1.310987718E-4	0.250746551478412
3715.76904	1.288919302E-4	0.245398458854412
3715.891483	1.308213978E-4	0.250074359217994
3716.013925	1.384141797E-4	0.268474819348449
3716.136368	1.493377495E-4	0.294947160215655
3716.258811	1.564654667E-4	0.312220575662997
3716.381253	1.553558541E-4	0.309531524051156
3716.503696	1.472043514E-4	0.289777051657494
3716.626138	1.370540558E-4	0.265178674941295
3716.748581	1.310712687E-4	0.250679900058461
3716.871024	1.334948465E-4	0.256553234400115
3716.993466	1.436989551E-4	0.281282022337661
3717.115909	1.57130693E-4	0.3138326949326
3717.238351	1.683680894E-4	0.341065567831046
3717.360794	1.739800937E-4	0.35466578218385
3717.483237	1.738968276E-4	0.354463993883666
3717.605679	1.709605567E-4	0.347348191488807
3717.728122	1.698719425E-4	0.344710027710581
3717.850564	1.7536823E-4	0.35802981225612
3717.973007	1.881582721E-4	0.38902538974372
3718.09545	2.019400999E-4	0.422424475388298
3718.217892	2.061231644E-4	0.432561775862499
3718.340335	1.926181139E-4	0.39983343642672
3718.462777	1.610889012E-4	0.323425075318521
3718.58522	1.197810925E-4	0.223319119810853
3718.707663	8.214089758E-5	0.132101313867023
3718.830105	5.9926635E-5	0.0782669408645852
3718.952548	5.596478877E-5	0.0686657440228703
3719.07499	7.060400094E-5	0.10414262765038
3719.197433	1.10101304E-4	0.199860976970547
3719.319875	1.535332995E-4	0.305114718235507
3719.442318	1.870932174E-4	0.386444320406788
3719.564761	2.048547467E-4	0.429487873618894
3719.687203	2.076647797E-4	0.436297749216896
3719.809646	2.013282065E-4	0.42094160385859
3719.932088	1.937445923E-4	0.402563360868119
3720.054531	1.922091178E-4	0.398842269219407
3720.176974	2.001699322E-4	0.41813462476213
3720.299416	2.148495987E-4	0.453709546012223
3720.421859	2.30132704E-4	0.490746849789143
3720.544301	2.412196627E-4	0.517615149736934
3720.666744	2.466429432E-4	0.5307580080372
3720.789187	2.476833761E-4	0.533279408539283
3720.911629	2.464031277E-4	0.530176835602046
3721.034072	2.434726193E-4	0.523074998135048
3721.156514	2.370417205E-4	0.507490262720431
3721.278957	2.237332665E-4	0.475238358154991
3721.4014	2.013335034E-4	0.420954440444515
3721.523842	1.705237519E-4	0.346289632265975
3721.646285	1.345332275E-4	0.259069662297342
3721.768727	9.862664592E-5	0.172053120602166
3721.89117	7.124316471E-5	0.105691586598709
3722.013613	5.676558794E-5	0.0706064125939097
3722.136055	5.351601794E-5	0.0627313565191232
3722.258498	5.641707321E-5	0.0697618168345818
3722.38094	6.308115553E-5	0.0859116526457794
3722.503383	7.378654846E-5	0.111855260454312
3722.625825	8.691039693E-5	0.143659789243736
3722.748268	1.046653924E-4	0.186687508275433
3722.870711	1.276759867E-4	0.242451723364402
3722.993153	1.555051858E-4	0.309893416705028
3723.115596	1.872609282E-4	0.386850753243855
3723.238038	2.200186573E-4	0.46623631919417
3723.360481	2.496120287E-4	0.537953333819792
3723.482924	2.725734084E-4	0.593598281518091
3723.605366	2.873230551E-4	0.629342793821501
3723.727809	2.935397497E-4	0.644408423604771
3723.850251	2.910611802E-4	0.63840182156273
3723.972694	2.799433714E-4	0.611458759025608
3724.095137	2.609940129E-4	0.565536602934577
3724.217579	2.364910324E-4	0.506155717021395
3724.340022	2.103435545E-4	0.442789531748654
3724.462464	1.866221719E-4	0.38530278176436
3724.584907	1.678693225E-4	0.339856848737213
3724.70735	1.557898941E-4	0.310583383016712
3724.829792	1.523860847E-4	0.302334540895174
3724.952235	1.582098776E-4	0.316448006878502
3725.074677	1.709361532E-4	0.347289051685411
3725.19712	1.864691876E-4	0.38493203734554
3725.319563	2.027489973E-4	0.424384769329881
3725.442005	2.206867794E-4	0.467855456188389
3725.564448	2.41803049E-4	0.519028936738218
3725.68689	2.640446764E-4	0.572929626050806
3725.809333	2.802925883E-4	0.612305056434116
3725.931776	2.811212034E-4	0.614313134541962
3726.054218	2.593928075E-4	0.561656218049115
3726.176661	2.144646132E-4	0.452776566448626
3726.299103	1.544700353E-4	0.307384817649355
3726.421546	9.547967056E-5	0.164426693897718
3726.543988	5.92456563E-5	0.0766166469954778
3726.666431	5.934721776E-5	0.0768627725421
3726.788874	8.588684432E-5	0.141179296686492
3726.911316	1.421527704E-4	0.277534975431616
3727.033759	2.139377902E-4	0.45149985578645
3727.156201	2.765790559E-4	0.603305627006365
3727.278644	3.143002978E-4	0.694719843402099
3727.401087	3.22533102E-4	0.714671343055203
3727.523529	3.083400661E-4	0.680275729609745
3727.645972	2.865007264E-4	0.627349950268536
3727.768414	2.726466046E-4	0.593775666273447
3727.890857	2.758219489E-4	0.601470842687328
3728.0133	2.946138266E-4	0.647011357474832
3728.135742	3.195278987E-4	0.707388488861068
3728.258185	3.395107633E-4	0.755815258944453
3728.380627	3.484466288E-4	0.777470567766621
3728.50307	3.481274762E-4	0.776697128628084
3728.625513	3.464248148E-4	0.772570873769326
3728.747955	3.522950283E-4	0.786796836122336
3728.870398	3.706046846E-4	0.8311687284258
3728.99284	3.986584779E-4	0.899154706677682
3729.115283	4.262463481E-4	0.966011559987175
3729.237726	4.402713676E-4	1
3729.360168	4.316807317E-4	0.979181325704455
3729.482611	4.005239753E-4	0.903675580710975
3729.605053	3.563371429E-4	0.796592556520946
3729.727496	3.139422915E-4	0.693852245631431
3729.849938	2.870078024E-4	0.628578805758394
3729.972381	2.825796837E-4	0.617847637305857
3730.094824	2.982330625E-4	0.655782267367642
3730.217266	3.224950342E-4	0.714579088984774
3730.339709	3.403688606E-4	0.757894784652508
3730.462151	3.412442748E-4	0.760016276392543
3730.584594	3.236031043E-4	0.717264402479265
3730.707037	2.945100132E-4	0.646759774543455
3730.829479	2.649199159E-4	0.575050694420273
3730.951922	2.436305076E-4	0.523457626980112
3731.074364	2.328668634E-4	0.497372852180969
3731.196807	2.276127634E-4	0.484639988410521
3731.31925	2.189212973E-4	0.46357696071467
3731.441692	1.981357345E-4	0.413204919922813
3731.564135	1.608623279E-4	0.322875994227008
3731.686577	1.098743887E-4	0.199311067071168
3731.80902	5.694480933E-5	0.0710407403652921
3731.931463	3.397063483E-5	0.0153647855591394
3732.053905	4.424872895E-5	0.0402728711018214
3732.176348	4.952421659E-5	0.0530575659958668
3732.29879	4.402875857E-5	0.0397397916244469
3732.421233	4.957149213E-5	0.0531721342398086
3732.543676	8.737539611E-5	0.144786675144711
3732.666118	1.31401961E-4	0.251481304676918
3732.788561	1.6864395E-4	0.341734092495486
3732.911003	1.957526256E-4	0.407429658512896
3733.033446	2.160253061E-4	0.456558772741465
3733.155889	2.348336129E-4	0.502139102053278
3733.278331	2.540969872E-4	0.548822248685632
3733.400774	2.705816005E-4	0.588771304748026
3733.523216	2.781451039E-4	0.60710081092787
3733.645659	2.710185072E-4	0.589830110916826
3733.768101	2.462550474E-4	0.529817975609472
3733.890544	2.050582698E-4	0.429981094514278
3734.012987	1.533259347E-4	0.304612187307434
3734.135429	1.009526095E-4	0.177689895197085
3734.257872	6.22825537E-5	0.0839763091410458
3734.380314	3.964439384E-5	0.0291146571909476
3734.502757	3.332081542E-5	0.0137900035749893
3734.6252	3.275412746E-5	0.0124166835782186
3734.747642	3.575075243E-5	0.0196787489203578
3734.870085	4.110557347E-5	0.0326557015511509
3734.992527	4.111816816E-5	0.0326862237094656
3735.11497	3.900491356E-5	0.0275649312075959
3735.237413	4.171678665E-5	0.0341369246256342
3735.359855	4.478402479E-5	0.041570114969964
3735.482298	4.59588191E-5	0.0444171289033736
3735.60474	5.532092837E-5	0.0671054031918267
3735.727183	8.246493962E-5	0.132886602146884
3735.849626	1.148076844E-4	0.211266488948832
3735.972068	1.374506974E-4	0.266139902070297
3736.094511	1.411717822E-4	0.275157634096084
3736.216953	1.240474812E-4	0.233658349385639
3736.339396	9.171735292E-5	0.155309037596682
3736.461839	6.119857426E-5	0.0813493773088601
3736.584281	4.871312194E-5	0.0510919472060856
3736.706724	4.464146332E-5	0.0412246293917632
3736.829166	4.252740109E-5	0.0361013796673879
3736.951609	4.647462629E-5	0.0456671436884154
3737.074051	7.589844608E-5	0.116973264430748
3737.196494	1.253035589E-4	0.236702346690448
3737.318937	1.767928625E-4	0.361482287760099
3737.441379	2.184228506E-4	0.46236901759826
3737.563822	2.392415772E-4	0.512821428034302
3737.686264	2.333903103E-4	0.498641381152394
3737.808707	2.02245632E-4	0.42316490640537
3737.93115	1.546283602E-4	0.307768504557326
3738.053592	1.045499739E-4	0.186407801372807
3738.176035	6.573357678E-5	0.0923395695940849
3738.298477	4.577188884E-5	0.0439641193422396
3738.42092	4.918078048E-5	0.0522252778394779
3738.543363	7.185718277E-5	0.107179607060934
3738.665805	1.047777259E-4	0.18695973894336
3738.788248	1.389527461E-4	0.269779989140144
3738.91069	1.652638457E-4	0.333542697664438
3739.033133	1.809618407E-4	0.371585451286215
3739.155576	1.883759396E-4	0.389552888387589
3739.278018	1.92311476E-4	0.399090325597547
3739.400461	1.972497121E-4	0.411057720113756
3739.522903	2.050833718E-4	0.430041927072921
3739.645346	2.131391375E-4	0.449564389002605
3739.767789	2.148286148E-4	0.453658693318123
3739.890231	2.04790078E-4	0.429331154533358
3740.012674	1.835536532E-4	0.377866488091956
3740.135116	1.576439099E-4	0.315076432370485
3740.257559	1.357467991E-4	0.262010649689757
3740.380002	1.226327295E-4	0.230229819158747
3740.502444	1.166247312E-4	0.215669947080373
3740.624887	1.139383094E-4	0.209159632695538
3740.747329	1.106257478E-4	0.201131921844199
3740.869772	1.015026573E-4	0.179022889183616
3740.992214	8.481144323E-5	0.13857315375477
3741.114657	6.781191769E-5	0.0973762517424223
3741.2371	5.616736962E-5	0.0691566814556469
3741.359542	4.880675988E-5	0.0513188707769665
3741.481985	5.574395254E-5	0.0681305662317797
3741.604427	8.329877892E-5	0.134907340658398
3741.72687	1.17340147E-4	0.217403696327747
3741.849313	1.46787308E-4	0.288766382504153
3741.971755	1.617819507E-4	0.325104621743157
3742.094198	1.605739817E-4	0.322177211774575
3742.21664	1.484034583E-4	0.292682985081659
3742.339083	1.339477894E-4	0.257650902933544
3742.461526	1.237371907E-4	0.232906386791519
3742.583968	1.194223369E-4	0.222449706175466
3742.706411	1.190071489E-4	0.221443533425971
3742.828853	1.191356569E-4	0.221754961616796
3742.951296	1.153286939E-4	0.212529111088991
3743.073739	1.046118632E-4	0.18655778481921
3743.196181	8.78648716E-5	0.145972877297914
3743.318624	7.14647249E-5	0.106228518845188
3743.441066	5.934858564E-5	0.0768660874827548
3743.563509	5.196759957E-5	0.0589788965041122
3743.685952	4.826946315E-5	0.0500167779223582
3743.808394	4.423648352E-5	0.0402431953453645
3743.930837	4.151309622E-5	0.033643298220249
3744.053279	3.938936425E-5	0.0284966147047172
3744.175722	4.12016816E-5	0.0328886114170694
3744.298164	4.587815056E-5	0.0442216355685721
3744.420607	4.526119665E-5	0.0427265003239678
3744.54305	4.151646499E-5	0.0336514621473696
3744.665492	4.004578295E-5	0.0300873895060104
3744.787935	4.470684871E-5	0.0413830853144612
3744.910377	5.246730143E-5	0.0601898813938591
3745.03282	5.598814096E-5	0.0687223360660388
3745.155263	5.50691293E-5	0.0664951895956189
3745.277705	5.520376362E-5	0.0668214644010826
3745.400148	5.696575681E-5	0.071091504798625
3745.52259	6.252530875E-5	0.084564605325214
3745.645033	6.878080603E-5	0.0997242700979914
3745.767476	7.354907575E-5	0.111279765571148
3745.889918	7.264203305E-5	0.109081624855692
3746.012361	6.725115236E-5	0.0960172847349271
3746.134803	5.951223648E-5	0.0772626813526164
3746.257246	5.451704055E-5	0.0651572495406243
3746.379689	5.095163579E-5	0.0565167948299054
3746.502131	5.784968744E-5	0.0732336353812778
3746.624574	7.194560021E-5	0.107393879194782
3746.747016	8.566985343E-5	0.14065343774932
3746.869459	9.223085362E-5	0.156553462799691
3746.991902	8.818371134E-5	0.146745558246892
3747.114344	7.410285616E-5	0.112621805220046
3747.236787	5.55513725E-5	0.0676638649101018
3747.359229	4.113754039E-5	0.0327331706586138
3747.481672	3.93193186E-5	0.0283268650389015
3747.604115	4.152348629E-5	0.033668477669798
3747.726557	4.454216833E-5	0.0409839964421128
3747.849	4.853353676E-5	0.0506567378206282
3747.971442	4.642204658E-5	0.0455397212403235
3748.093885	4.175353752E-5	0.0342259872283931
3748.216327	4.223601354E-5	0.0353952267623129
3748.33877	4.542478928E-5	0.043122953126853
3748.461213	4.591927791E-5	0.044321304197793
3748.583655	4.488838749E-5	0.0418230290830977
3748.706098	4.753531175E-5	0.0482376245444088
3748.82854	5.046664592E-5	0.0553414631946572
3748.950983	5.502965723E-5	0.0663995323964701
3749.073426	5.629542284E-5	0.069467007525883
3749.195868	5.236572542E-5	0.0599437205865514
3749.318311	5.127523036E-5	0.05730099870434
3749.440753	5.065388905E-5	0.0557952309695839
3749.563196	4.959027137E-5	0.0532176441282067
3749.685639	5.026430517E-5	0.0548511076237773
3749.808081	4.721018195E-5	0.0474497001708504
3749.930524	4.2982796E-5	0.0372049904381737
3750.052966	4.081303632E-5	0.0319467626884065
3750.175409	3.833284063E-5	0.0259362197134302
3750.297852	3.780921543E-5	0.0246672586471441
3750.420294	3.857184493E-5	0.0265154262744876
3750.542737	3.661461596E-5	0.0217722485956111
3750.665179	3.699190711E-5	0.0226865815574401
3750.787622	4.415710282E-5	0.040050822981096
3750.910065	5.45279363E-5	0.065183654462576
3751.032507	5.959168266E-5	0.0774552124020868
3751.15495	5.527199392E-5	0.066986814720817
3751.277392	4.968641224E-5	0.0534506333367262
3751.399835	4.452266148E-5	0.0409367232528624
3751.522277	4.151181565E-5	0.0336401948679416
3751.64472	4.756699855E-5	0.0483144148049142
3751.767163	5.311409404E-5	0.0617573281860524
3751.889605	5.501818305E-5	0.0663717256986878
3752.012048	5.611454981E-5	0.0690286771456583
3752.13449	5.172782403E-5	0.0583978209086142
3752.256933	4.654269651E-5	0.0458321060679065
3752.379376	4.162459663E-5	0.0339135099655297
3752.501818	3.947005462E-5	0.0286921609426641
3752.624261	3.821316204E-5	0.0256461888455919
3752.746703	4.078486018E-5	0.0318784802133495
3752.869146	4.095933764E-5	0.0323013114744968
3752.991589	4.083544627E-5	0.0320010712932014
3753.114031	4.302089656E-5	0.0372973238996719
3753.236474	4.846452066E-5	0.0504894831815335
3753.358916	4.808675658E-5	0.0495740041141369
3753.481359	5.083462747E-5	0.0562332351339405
3753.603802	5.332896035E-5	0.062278038384581
3753.726244	5.19296118E-5	0.0588868363795707
3753.848687	4.995515701E-5	0.0541019133933354
3753.971129	4.847484524E-5	0.0505145039216464
3754.093572	4.439988697E-5	0.0406391896866353
3754.216015	4.172581248E-5	0.0341587979557583
3754.338457	4.478323535E-5	0.0415682018293738
3754.4609	4.964453547E-5	0.0533491485519759
3754.583342	5.458981468E-5	0.0653336114452897
3754.705785	5.709530888E-5	0.0714054632041539
3754.828228	5.497676102E-5	0.0662713429375898
3754.95067	4.615684884E-5	0.0448970371087594
3755.073113	4.261387221E-5	0.0363109350605167
3755.195555	4.566081043E-5	0.0436949302780101
3755.317998	4.90571183E-5	0.0519255930806236
3755.44044	4.99118978E-5	0.0539970783830106
3755.562883	4.568376971E-5	0.0437505701372643
3755.685326	4.037668623E-5	0.030889305416525
3755.807768	4.002784772E-5	0.0300439250039489
3755.930211	4.191917833E-5	0.0346274036210306
3756.052653	4.385921056E-5	0.0393289064654509
3756.175096	4.641154737E-5	0.0455142772992817
3756.297539	4.676947356E-5	0.0463816809301882
3756.419981	4.275775427E-5	0.0366596209760858
3756.542424	3.608077532E-5	0.0204785312807049
3756.664866	3.452333112E-5	0.0167041979355697
3756.787309	4.015448576E-5	0.0303508215060095
3756.909752	4.582449037E-5	0.0440915946692427
3757.032194	4.377684672E-5	0.0391293047155164
3757.154637	3.869663851E-5	0.0268178528848617
3757.277079	3.445324182E-5	0.0165343424876973
3757.399522	3.408020712E-5	0.0156303246698503
3757.521965	3.705690688E-5	0.0228441029629178
3757.644407	4.132582035E-5	0.0331894511027214
3757.76685	4.434239963E-5	0.0404998740153033
3757.889292	4.595049177E-5	0.0443969483284966
3758.011735	5.209899973E-5	0.0592973335983234
3758.134178	5.287251406E-5	0.0611718796839288
3758.25662	4.961026207E-5	0.0532660898867145
3758.379063	4.330324373E-5	0.0379815682139372
3758.501505	3.83978404E-5	0.026093741118908
3758.623948	3.944254786E-5	0.0286255006530148
3758.74639	4.221403651E-5	0.035341967302259
3758.868833	4.422293932E-5	0.0402103721304504
3758.991276	4.305685434E-5	0.0373844645163765
3759.113718	4.051310316E-5	0.031219900225469
3759.236161	4.301843728E-5	0.0372913640440899
3759.358603	4.574762352E-5	0.0439053144063026
3759.481046	4.72370848E-5	0.0475148969360599
3759.603489	4.697929762E-5	0.0468901716653745
3759.725931	4.311873636E-5	0.0375344303203201
3759.848374	3.542316699E-5	0.0188848735124473
3759.970816	3.301527977E-5	0.0130495639547945
3760.093259	3.703567563E-5	0.0227926508371634
3760.215702	4.269198689E-5	0.0365002393331632
3760.338144	4.756209091E-5	0.04830252155744
3760.460587	4.68072285E-5	0.0464731768110586
3760.583029	4.463082223E-5	0.0411988416166277
3760.705472	4.326105045E-5	0.0378793163941644
3760.827915	3.949962411E-5	0.0287638200827512
3760.950357	3.669442231E-5	0.0219656524863948
3761.0728	3.588710024E-5	0.0200091762228699
3761.195242	3.711126556E-5	0.0229758365932601
3761.317685	3.977908273E-5	0.0294410642421577
3761.440128	4.052288932E-5	0.0312436161505781
3761.56257	3.930205639E-5	0.0282850315434775
3761.685013	3.764625944E-5	0.0242723486870656
3761.807455	3.937236761E-5	0.0284554247955652
3761.929898	3.826812099E-5	0.0257793771791442
3762.052341	3.539785394E-5	0.018823529492108
3762.174783	3.698837099E-5	0.0226780120718506
3762.297226	4.255215754E-5	0.0361613748150421
3762.419668	5.167696509E-5	0.0582745686000306
3762.542111	5.762458022E-5	0.0726881072097538
3762.664553	5.566664549E-5	0.0679432191816388
3762.786996	4.895951133E-5	0.0516890509036463
3762.909439	4.414236173E-5	0.0400150992052261
3763.031881	3.849534914E-5	0.0263300452438481
3763.154324	4.110304508E-5	0.0326495742133711
3763.276766	4.23846177E-5	0.0357553562849717
3763.399209	4.221890049E-5	0.0353537547434425
3763.521652	4.256224565E-5	0.0361858224902541
3763.644094	3.965135693E-5	0.0291315316463998
3763.766537	3.867574196E-5	0.0267672118760452
3763.888979	3.971662954E-5	0.0292897142563752
3764.011422	4.001128036E-5	0.0300037754183079
3764.133865	3.661666778E-5	0.0217772210065933
3764.256307	3.386617755E-5	0.0151116422394326
3764.37875	3.37963429E-5	0.0149424039141425
3764.501192	3.890128573E-5	0.027313797989306
3764.623635	4.238452675E-5	0.0357551358753944
3764.746078	4.076202822E-5	0.0318231489032693
3764.86852	3.567347085E-5	0.0194914635945922
3764.990963	3.528028901E-5	0.0185386208992239
3765.113405	4.010399425E-5	0.0302284596327307
3765.235848	4.392137635E-5	0.0394795599618161
3765.358291	4.599773456E-5	0.0445114372056032
3765.480733	4.726977204E-5	0.0475941116776811
3765.603176	4.625135625E-5	0.045126067766118
3765.725618	4.200441253E-5	0.0348339614439085
3765.848061	3.859806748E-5	0.0265789743905995
3765.970503	3.636134352E-5	0.0211584644127198
3766.092946	3.727984949E-5	0.0233843853865029
3766.215389	4.008761607E-5	0.0301887685087041
3766.337831	4.187818922E-5	0.0345280700046734
3766.460274	3.901086893E-5	0.0275793635394725
3766.582716	3.68349356E-5	0.0223061744748433
3766.705159	4.43390818E-5	0.0404918335369334
3766.827602	5.472087651E-5	0.0656512286255671
3766.950044	5.89955489E-5	0.0760105330174072
3767.072487	5.896563016E-5	0.0759380274996965
3767.194929	5.268019231E-5	0.0607058043060631
3767.317372	4.999175508E-5	0.0541906056983108
3767.439815	4.756867202E-5	0.0483184703169018
3767.562257	4.733386231E-5	0.0477494289873861
3767.6847	5.294385483E-5	0.0613447679627375
3767.807142	5.494266952E-5	0.0661887250914829
3767.929585	4.871323108E-5	0.0510922116975783
3768.052028	4.246217577E-5	0.035943311660699
3768.17447	4.17558731E-5	0.0342316473075626
3768.296913	4.369075396E-5	0.0389206662456163
3768.419355	4.453727888E-5	0.040972147276554
3768.541798	4.781724783E-5	0.0489208726170786
3768.664241	5.495985897E-5	0.066230382259245
3768.786683	5.694243009E-5	0.0710349744798318
3768.909126	5.415806663E-5	0.0642873068253155
3769.031568	4.917386832E-5	0.0522085268085422
3769.154011	4.259263369E-5	0.0362594653165366
3769.276454	4.420386176E-5	0.0401641392889452
3769.398896	4.956414341E-5	0.0531543252429019
3769.521339	5.192972458E-5	0.0588871096922934
3769.643781	5.079691255E-5	0.0561418362381309
3769.766224	4.604113929E-5	0.0446166248712516
3769.888666	4.184528007E-5	0.034448317483071
3770.011109	4.04409293E-5	0.0310449930240135
3770.133552	4.410389738E-5	0.039921884129653
3770.255994	4.871900819E-5	0.0511062120315302
3770.378437	4.898289626E-5	0.0517457222894158
3770.500879	4.355826604E-5	0.0385995930577078
3770.623322	3.59119731E-5	0.0200694534802425
3770.745765	3.141121124E-5	0.00916224051767814
3770.868207	3.482526881E-5	0.0174359182062029
3770.99065	3.804190419E-5	0.0252311600350116
3771.113092	3.720881796E-5	0.023212246524491
3771.235535	3.952574116E-5	0.0288271125286004
3771.357978	4.4573575E-5	0.0410601078314265
3771.48042	4.984651241E-5	0.0538386224603126
3771.602863	5.232669719E-5	0.0598491389958333
3771.725305	4.964055188E-5	0.0533394946609599
3771.847748	4.658676335E-5	0.0459388983007369
3771.970191	4.699730198E-5	0.0469338036981021
3772.092633	4.848623939E-5	0.0505421166735411
3772.215076	4.87964171E-5	0.051293805930704
3772.337518	4.936385085E-5	0.0526689332860084
3772.459961	4.715572868E-5	0.047317737309701
3772.582404	4.510933286E-5	0.0423584713656811
3772.704846	4.665289453E-5	0.0460991615819685
3772.827289	4.572959006E-5	0.043861611852204
3772.949731	4.396957956E-5	0.0395963763349777
3773.072174	4.021564018E-5	0.0304990240333349
3773.194616	3.930144885E-5	0.0282835592220419
3773.317059	4.673385047E-5	0.0462953514061874
3773.439502	4.903923764E-5	0.0518822608243084
3773.561944	4.974885815E-5	0.0536019656800489
3773.684387	5.017288277E-5	0.0546295532253518
3773.806829	4.754815018E-5	0.0482687373858501
3773.929272	4.512701707E-5	0.0424013275421562
3774.051715	4.368384543E-5	0.0389039240116763
3774.174157	4.164667553E-5	0.0339670162988506
3774.2966	4.010267367E-5	0.0302252593195965
3774.419042	3.901399396E-5	0.0275869367834664
3774.541485	4.078947313E-5	0.0318896593047124
3774.663928	4.66459278E-5	0.0460822783052864
3774.78637	5.278324534E-5	0.0609555445455184
3774.908813	5.340630742E-5	0.0624654824197827
3775.031255	4.849853576E-5	0.0505719158787487
3775.153698	4.140652891E-5	0.0333850414225838
3775.276141	4.149003871E-5	0.0335874203089577
3775.398583	4.580662426E-5	0.044048297673613
3775.521026	4.770994929E-5	0.0486608437457994
3775.643468	4.664260268E-5	0.0460742201602225
3775.765911	4.287273987E-5	0.0369382787824395
3775.888354	4.049736162E-5	0.0311817519442492
3776.010796	4.253557199E-5	0.0361211811474857
3776.133239	4.594337952E-5	0.0443797123964908
3776.255681	5.217318176E-5	0.0594771074287045
3776.378124	5.433848128E-5	0.064724526360658
3776.500567	4.890980927E-5	0.0515686021951918
3776.623009	3.946711149E-5	0.0286850285178247
3776.745452	3.908551298E-5	0.0277602570359656
3776.867894	4.429617184E-5	0.0403878449042322
3776.990337	4.972226816E-5	0.0535375271043979
3777.112779	5.153870006E-5	0.0579394950781701
3777.235222	4.522388917E-5	0.0426360888242897
3777.357665	3.617549737E-5	0.020708082099819
3777.480107	2.903582026E-5	0.00340568282941722
3777.60255	2.938665784E-5	0.00425590781784411
3777.724992	3.759289029E-5	0.0241430130983835
3777.847435	4.817913941E-5	0.0497978860328515
3777.969878	5.315638919E-5	0.0618598268790923
3778.09232	5.145625983E-5	0.057739708203578
3778.214763	4.57112219E-5	0.0438170981811673
3778.337205	3.797346653E-5	0.0250653071959815
3778.459648	3.30273906E-5	0.0130789135196176
3778.582091	3.977838423E-5	0.0294393714869106
3778.704533	4.775932393E-5	0.0487804989797757
3778.826976	5.24384559E-5	0.0601199767091603
3778.949418	5.319796401E-5	0.0619605799137397
3779.071861	5.018616866E-5	0.0546617504479854
3779.194304	4.963820902E-5	0.0533338169393304
3779.316746	4.742760575E-5	0.0479766082285298
3779.439189	4.348644507E-5	0.0384255410551058
3779.561631	3.688576908E-5	0.0224293650832859
3779.684074	3.230791117E-5	0.0113353164111062
3779.806517	3.517894584E-5	0.0182930243598213
3779.928959	3.884157923E-5	0.027169104372757
3780.051402	3.853543967E-5	0.0264272012281223
3780.173844	3.752884368E-5	0.0239878015949692
3780.296287	3.766263035E-5	0.0243120221928665
3780.418729	3.750705582E-5	0.0239350005722956
3780.541172	3.940683746E-5	0.0285389595406667
3780.663615	3.889633444E-5	0.0273017989597752
3780.786057	3.864955215E-5	0.0267037431025343
3780.9085	3.936502253E-5	0.0284376246198885
3781.030942	4.212402928E-5	0.0351238424477748
3781.153385	4.383037594E-5	0.0392590282202076
3781.275828	4.070898285E-5	0.0316945979678355
3781.39827	3.798434773E-5	0.0250916768572477
3781.520713	4.254229862E-5	0.0361374825622711
3781.643155	4.891448043E-5	0.051579922353531
3781.765598	5.246661021E-5	0.0601882062810719
3781.888041	5.000421879E-5	0.0542208104377532
3782.010483	4.164612619E-5	0.0339656850201571
3782.132926	3.4673154E-5	0.0170672809223298
3782.255368	3.655267938E-5	0.0216221505701553
3782.377811	4.227795216E-5	0.0354968614352693
3782.500254	4.600592365E-5	0.0445312827676165
3782.622696	4.629937393E-5	0.0452424345231293
3782.745139	4.399575118E-5	0.0396598010265732
3782.867581	4.37009694E-5	0.0389454224942365
3782.990024	4.321470988E-5	0.0377670139703706
3783.112467	4.060626452E-5	0.0314456688453182
3783.234909	3.954940257E-5	0.0288844539400975
3783.357352	3.758546518E-5	0.0241250189768193
3783.479794	3.741755063E-5	0.0237180923689843
3783.602237	3.503212793E-5	0.0179372236618727
3783.72468	3.438555723E-5	0.0163703146496606
3783.847122	4.262621951E-5	0.0363408576902407
3783.969565	5.034063361E-5	0.0550360830959477
3784.092007	5.350954234E-5	0.0627156634541583
3784.21445	5.038669406E-5	0.055147706672784
3784.336892	4.117762364E-5	0.0328303090004281
3784.459335	3.299295713E-5	0.012995466938347
3784.581778	4.194344001E-5	0.0346861997357376
3784.70422	5.471853365E-5	0.0656455509039377
3784.826663	6.025368202E-5	0.0790595114574919
3784.949105	5.655376299E-5	0.0700930728722576
3785.071548	5.131172293E-5	0.0573894353390526
3785.193991	5.107037941E-5	0.0568045598775958
3785.316433	5.482846973E-5	0.0659119716287235
3785.438876	5.822833919E-5	0.0741512656413018
3785.561318	5.847121065E-5	0.0747398439351885
3785.683761	5.327207691E-5	0.0621401862134547
3785.806204	4.251404971E-5	0.0360690237353182
3785.928646	3.601558637E-5	0.0203205514136128
3786.051089	3.70445814E-5	0.022814233212105
3786.173531	4.210331463E-5	0.0350736422581129
3786.295974	4.540534428E-5	0.0430758298258088
3786.418417	4.681052087E-5	0.0464811555892874
3786.540859	4.771927343E-5	0.0486834400047965
3786.663302	5.21938673E-5	0.0595272370727611
3786.785744	5.325236998E-5	0.0620924281473685
3786.908187	5.147824413E-5	0.0577929852818576
3787.03063	4.799555973E-5	0.0493529963169225
3787.153072	4.261312642E-5	0.0363091277019831
3787.275515	3.679508154E-5	0.02220959155547
3787.397957	3.834572271E-5	0.0259674383369281
3787.5204	4.066243491E-5	0.0315817930005119
3787.642842	4.349723531E-5	0.0384516902825606
3787.765285	4.740885925E-5	0.0479311776827327
3787.887728	5.026927101E-5	0.0548631419139937
3788.01017	4.760853699E-5	0.0484150796757307
3788.132613	4.089355207E-5	0.0321418857496588
3788.255055	3.729192758E-5	0.023413655608725
3788.377498	3.832484435E-5	0.0259168414100271
3788.499941	4.3603628E-5	0.0387095239035312
3788.622383	4.336871643E-5	0.0381402357249826
3788.744826	3.926612408E-5	0.0281979526511482
3788.867268	4.017305037E-5	0.0303958112568862
3788.989711	4.452642679E-5	0.040945848160893
3789.112154	4.46022641E-5	0.0411296334213462
3789.234596	3.781029591E-5	0.0246698770983816
3789.357039	3.511137766E-5	0.018129278631503
3789.479481	4.180711403E-5	0.0343558253363708
3789.601924	4.945097317E-5	0.0528800668068636
3789.724367	5.172225792E-5	0.0583843319151879
3789.846809	4.693836308E-5	0.0467909702947637
3789.969252	3.972919149E-5	0.0293201570720889
3790.091694	3.909242514E-5	0.0277770080669014
3790.214137	4.328622526E-5	0.0379403254016399
3790.33658	4.083446402E-5	0.031998690894001
3790.459022	3.341511911E-5	0.0140185405342822
3790.581465	3.399522393E-5	0.0154243751483246
3790.703907	3.978257519E-5	0.0294495279214565
3790.82635	4.701092985E-5	0.0469668296801335
3790.948793	4.996563075E-5	0.0541272956100018
3791.071235	4.730683941E-5	0.0476839412912283
3791.193678	4.310723671E-5	0.0375065618981626
3791.31612	4.194431312E-5	0.0346883156434452
3791.438563	4.361967149E-5	0.0387484039348539
3791.561005	4.430278204E-5	0.0404038641608309
3791.683448	4.196877489E-5	0.0347475966592222
3791.805891	3.800954801E-5	0.0251527475890985
3791.928333	3.203317829E-5	0.0106695246800195
3792.050776	3.376526001E-5	0.0148670771780769
3792.173218	4.218892354E-5	0.0352811081587556
3792.295661	4.593985068E-5	0.0443711605533611
3792.418104	4.604432615E-5	0.0446243479549834
3792.540546	4.446828098E-5	0.0408049367436089
3792.662989	4.285217074E-5	0.0368884312481013
3792.785431	4.623668428E-5	0.04509051149668
3792.907874	4.830355829E-5	0.050099404589695
3793.030317	4.730907676E-5	0.0476893633183608
3793.152759	4.649774564E-5	0.0457231714636788
3793.275202	4.357854777E-5	0.0386487441026287
3793.397644	3.904935147E-5	0.0276726226969611
3793.520087	3.683926479E-5	0.0223166658980189
3793.64253	3.990353434E-5	0.0297426621173681
3793.764972	4.143877595E-5	0.0334631893770041
3793.887415	4.207919119E-5	0.0350151811562697
3794.009857	4.759949297E-5	0.0483931622636911
3794.1323	5.220286766E-5	0.05954904867851
3794.254743	4.999098383E-5	0.0541887366396361
3794.377185	4.132700269E-5	0.0331923164029917
3794.499628	3.28442984E-5	0.0126352051699418
3794.62207	3.407556869E-5	0.0156190838298779
3794.744513	3.908697181E-5	0.0277637923861977
3794.866955	4.316956256E-5	0.0376576032863028
3794.989398	4.017155152E-5	0.0303921789215933
3795.111841	3.698106229E-5	0.0226603000600048
3795.234283	3.804349035E-5	0.0252350039586519
3795.356726	4.239393093E-5	0.0357779261045132
3795.479168	4.549152072E-5	0.0432846710870604
3795.601611	4.421453923E-5	0.0401900152279116
3795.724054	4.02113983E-5	0.0304887441985068
3795.846496	3.794254008E-5	0.0249903595789294
3795.968939	3.307078805E-5	0.0131840835428062
3796.091381	3.183133958E-5	0.0101803857603124
3796.213824	3.058899892E-5	0.00716967900172978
3796.336267	3.370347622E-5	0.0147173494261704
3796.458709	3.757585E-5	0.0241017174071749
3796.581152	4.327468559E-5	0.0379123599944215
3796.703594	4.574576087E-5	0.0439008004327007
3796.826037	4.55877198E-5	0.0435178013625562
3796.94848	4.431315028E-5	0.0404289907072345
3797.070922	4.28960011E-5	0.0369946503917966
3797.193365	4.227359022E-5	0.0354862906452587
3797.315807	4.084177272E-5	0.0320164029058468
3797.43825	4.128600267E-5	0.033092956347179
3797.560693	4.029993215E-5	0.0307032984420734
3797.683135	3.877719064E-5	0.0270130641099448
3797.805578	3.791564086E-5	0.0249251716107157
3797.92802	3.670465958E-5	0.0219904616381604
3798.050463	3.858776836E-5	0.0265540153506278
3798.172906	4.123019244E-5	0.0329577050090645
3798.295348	4.205004734E-5	0.0349445535184637
3798.417791	4.039052146E-5	0.0309228339178521
3798.540233	3.856684634E-5	0.0265033126174361
3798.662676	3.550411566E-5	0.0190810457184405
3798.785118	3.755320358E-5	0.0240468357374792
3798.907561	4.031670323E-5	0.0307439417257801
3799.030004	4.312673991E-5	0.0375538262419489
3799.152446	4.305643233E-5	0.0373834418110911
3799.274889	4.501908552E-5	0.0421397646250661
3799.397331	4.445910236E-5	0.0407826931399354
3799.519774	4.688145054E-5	0.0466530476022664
3799.642217	4.58092909E-5	0.0440547600484907
3799.764659	4.051768701E-5	0.0312310087954609
3799.887102	3.60929771E-5	0.0205081012551052
3800.009544	3.625737372E-5	0.0209065024592662
3800.131987	4.04201528E-5	0.0309946429461454
3800.25443	4.31319495E-5	0.037566451239526
3800.376872	4.28477033E-5	0.0368776047878278
3800.499315	4.062481457E-5	0.0314906233112753
3800.621757	3.677553104E-5	0.022162212584163
3800.7442	3.638774069E-5	0.0212224357055265
3800.866643	4.222326243E-5	0.0353643255334531
3800.989085	4.59290568E-5	0.0443450025046764
3801.111528	4.750186054E-5	0.0481565583865727
3801.23397	4.747439016E-5	0.0480899862607543
3801.356413	4.880477354E-5	0.0513140570511863
3801.478856	5.037989104E-5	0.055131220133341
3801.601298	5.086600504E-5	0.0563092760018832
3801.723741	4.95119275E-5	0.0530277844331191
3801.846183	4.5543944E-5	0.0434117144403731
3801.968626	3.96823234E-5	0.0292065762485128
3802.091068	3.460561129E-5	0.0169035969183868
3802.213511	3.695431587E-5	0.0225954823895746
3802.335954	4.327111674E-5	0.0379037111904652
3802.458396	4.98126974E-5	0.0537566746641675
3802.580839	5.352341395E-5	0.0627492801193164
3802.703281	4.963134052E-5	0.0533171717146854
3802.825724	4.516583067E-5	0.0424953889953529
3802.948167	4.324447218E-5	0.0378391403690679
3803.070609	4.163195263E-5	0.0339313366048962
3803.193052	4.019908374E-5	0.0304589009113838
3803.315494	4.09407221E-5	0.0322561982991036
3803.437937	4.367051224E-5	0.0388716121615221
3803.56038	4.805345452E-5	0.0494932994086202
3803.682822	4.881538553E-5	0.0513397743049507
3803.805265	4.882396024E-5	0.0513605543841842
3803.927707	4.350239396E-5	0.0384641918313871
3804.05015	3.790527262E-5	0.0249000450643121
3804.172593	3.897550778E-5	0.0274936688047479
3804.295035	4.320266089E-5	0.0377378142695196
3804.417478	4.658021498E-5	0.0459230288838761
3804.53992	4.436801464E-5	0.0405619498099796
3804.662363	3.987686068E-5	0.0296780207745997
3804.784806	4.004608854E-5	0.0300881300773432
3804.907248	4.067431291E-5	0.031610578321664
3805.029691	4.024001828E-5	0.0305581022819945
3805.152133	3.813290095E-5	0.025451682931156
3805.274576	3.759412721E-5	0.0241460106686344
3805.397019	3.920073505E-5	0.0280394879072203
3805.519461	4.031550998E-5	0.0307410499860541
3805.641904	4.452138819E-5	0.0409336375430148
3805.764346	4.807340156E-5	0.0495416393608372
3805.886789	5.060313561E-5	0.0556722343312631
3806.009231	5.060568947E-5	0.0556784233934181
3806.131674	4.716785043E-5	0.0473471133382138
3806.254117	4.49601539E-5	0.0419969488641876
3806.376559	4.431709021E-5	0.0404385387919598
3806.499002	4.361358515E-5	0.0387336542083392
3806.621444	4.159225136E-5	0.0338351239590722
3806.743887	3.817110701E-5	0.025544272062917
3806.86633	3.95256975E-5	0.0288270067223096
3806.988772	4.022424764E-5	0.0305198834794037
3807.111215	4.05174651E-5	0.0312304710154796
3807.233657	4.42485798E-5	0.040272509649502
3807.3561	4.685144813E-5	0.0465803393174384
3807.478543	4.809584061E-5	0.0495960184870031
3807.600985	4.691142021E-5	0.0467256765444935
3807.723428	4.483567682E-5	0.0416952892646019
3807.84587	4.096572229E-5	0.0323167841298844
3807.968313	4.249221092E-5	0.0360160992881281
3808.090756	4.839900794E-5	0.0503307186854273
3808.213198	5.13441264E-5	0.0574679623882522
3808.335641	4.931726289E-5	0.0525560313336239
3808.458083	4.910092684E-5	0.0520317593454077
3808.580526	4.782297401E-5	0.0489347495265141
3808.702969	4.498029739E-5	0.0420457648962447
3808.825411	4.222210191E-5	0.035361513112094
3808.947854	3.995697625E-5	0.029872174033712
3809.070296	3.749025564E-5	0.0238942867672178
3809.192739	4.089602226E-5	0.0321478720446964
3809.315182	4.614164573E-5	0.0448601936667775
3809.437624	4.662770152E-5	0.0460381084683434
3809.560067	4.355286001E-5	0.0385864920045248
3809.682509	4.369367889E-5	0.0389277545643061
3809.804952	5.112350482E-5	0.0569333047831513
3809.927394	5.229051749E-5	0.0597614605749133
3810.049837	5.117482942E-5	0.0570576855790769
3810.17228	4.886381066E-5	0.0514571284823276
3810.294722	4.587492731E-5	0.0442138242967752
3810.417165	4.41760094E-5	0.0400966414671365
3810.539607	4.358935985E-5	0.0386749462574631
3810.66205	4.54021465E-5	0.0430680802783872
3810.784493	4.528281715E-5	0.0427788957639383
3810.906935	4.301282024E-5	0.0372777516261471
3811.029378	3.921752432E-5	0.0280801752728424
3811.15182	3.769717296E-5	0.0243957332656298
3811.274263	3.908894723E-5	0.0277685796482881
3811.396706	4.029219053E-5	0.0306845372854866
3811.519148	3.96987125E-5	0.0292462938362291
3811.641591	3.714000195E-5	0.0230454767864663
3811.764033	3.985147487E-5	0.0296165004265987
3811.886476	4.003325012E-5	0.0300570172601361
3812.008919	4.335576887E-5	0.0381088584162828
3812.131361	4.19984608E-5	0.0348195379332619
3812.253804	3.865494E-5	0.026716800098036
3812.376246	3.673570245E-5	0.022065691389165
3812.498689	4.126873318E-5	0.0330511052092952
3812.621132	4.305104449E-5	0.0373703848398236
3812.743574	4.775638445E-5	0.0487733754004004
3812.866017	5.030029934E-5	0.054938336428547
3812.988459	5.240581595E-5	0.0600408765708256
3813.110902	4.81131101E-5	0.0496378696248869
3813.233344	4.198509123E-5	0.0347871379192767
3813.355787	3.7968377E-5	0.0250529731535868
3813.47823	4.30619657E-5	0.0373968514619165
3813.600672	4.728451313E-5	0.0476298354535509
3813.723115	4.680023994E-5	0.0464562406312311
3813.845557	3.898513751E-5	0.0275170056350778
3813.968	3.161094355E-5	0.00964627475642253
3814.090443	3.47839632E-5	0.0173358175790573
3814.212885	4.182341581E-5	0.0343953313115056
3814.335328	4.312815872E-5	0.0375572646071202
3814.45777	4.000688932E-5	0.0299931341069263
3814.580213	3.38821701E-5	0.0151503988220047
3814.702656	3.345311052E-5	0.0141106094800535
3814.825098	3.513239426E-5	0.0181802105712678
3814.947541	3.71462811E-5	0.0230606937715911
3815.069983	3.847726475E-5	0.026286219265233
3815.192426	4.047286711E-5	0.0311223915858712
3815.314869	4.591463585E-5	0.0443100545608248
3815.437311	5.142943337E-5	0.0576746965630262
3815.559754	4.965739936E-5	0.0533803230935583
3815.682196	4.416247975E-5	0.040063853512908
3815.804639	4.012196223E-5	0.0302720035016273
3815.927082	3.610324347E-5	0.0205329809282418
3816.049524	3.641215881E-5	0.0212816109392469
3816.171967	3.809766713E-5	0.0253662967698396
3816.294409	3.784884029E-5	0.0247632861198422
3816.416852	4.574842387E-5	0.0439072539863484
3816.539295	5.08409903E-5	0.0562486549104169
3816.661737	5.085422163E-5	0.0562807199115383
3816.78418	4.685500244E-5	0.0465889528849433
3816.906622	4.376617653E-5	0.0391034464190099
3817.029065	4.92155159E-5	0.0523094561708514
3817.151507	5.645188867E-5	0.0698461891360769
3817.27395	5.690462058E-5	0.0709433463532149
3817.396393	5.258564852E-5	0.0604766854848736
3817.518835	4.373380216E-5	0.0390249898911813
3817.641278	3.845939864E-5	0.0262429222696033
3817.76372	3.886990817E-5	0.0272377571455974
3817.886163	4.535058179E-5	0.0429431175963308
3818.008606	5.059830437E-5	0.0556605262326805
3818.131048	5.194312689E-5	0.0589195890488795
3818.253491	4.815946158E-5	0.0497501984881363
3818.375933	4.279786663E-5	0.0367568298635054
3818.498376	3.597942487E-5	0.0202329170988424
3818.620819	3.583548096E-5	0.0198840812950671
3818.743261	4.426524902E-5	0.0403129060841758
3818.865704	4.8801503E-5	0.0513061311761029
3818.988146	5.132355363E-5	0.0574181060326841
3819.110589	5.147818956E-5	0.0577928530361112
3819.233032	5.077326932E-5	0.0560845388843152
3819.355474	4.805113349E-5	0.0494876745901361
3819.477917	4.259380148E-5	0.0362622953561214
3819.600359	3.904806726E-5	0.0276695105234237
3819.722802	4.318407446E-5	0.0376927716397316
3819.845245	5.238734593E-5	0.059996116050756
3819.967687	5.913757195E-5	0.0763547137806042
3820.09013	5.786747352E-5	0.07327673843102
3820.212572	5.125361349E-5	0.0572486120613653
3820.335015	4.669758346E-5	0.0462074613969201
3820.457457	4.936748155E-5	0.0526777319781709
3820.5799	5.098051042E-5	0.0565867700359753
3820.702343	4.843499846E-5	0.0504179386447329
3820.824785	4.405907748E-5	0.0398132669200633
3820.947228	4.308409916E-5	0.0374504900167496
3821.06967	4.659243859E-5	0.0459526517614218
3821.192113	4.731006266E-5	0.0476917525630252
3821.314556	4.607765368E-5	0.0447051143848754
3821.436998	4.985198393E-5	0.0538518822229318
3821.559441	5.19053865E-5	0.0588281284286946
3821.681883	5.101046554E-5	0.0566593637175169
3821.804326	4.441685087E-5	0.0406803002531863
3821.926769	3.811774513E-5	0.0254149540924606
3822.049211	3.815949458E-5	0.0255161303280369
3822.171654	3.994491271E-5	0.0298429390721754
3822.294096	3.672392631E-5	0.0220371529170458
3822.416539	4.053993325E-5	0.0312849206630166
3822.538982	4.907026232E-5	0.0519574464933976
3822.661424	5.355380563E-5	0.0628229317668288
3822.783867	5.177458297E-5	0.0585111372164634
3822.906309	4.460020864E-5	0.0411246521891341
3823.028752	3.876876508E-5	0.0269926454830307
3823.151195	4.294340397E-5	0.0371095272091465
3823.273637	4.505147081E-5	0.0422182476165844
3823.39608	4.34292815E-5	0.0382870100127879
3823.518522	4.840203474E-5	0.0503380538773842
3823.640965	5.284680446E-5	0.0611095746584453
3823.763408	5.431026875E-5	0.0646561556975359
3823.88585	4.868158067E-5	0.051015509625138
3824.008293	4.063231245E-5	0.0315087937847354
3824.130735	3.824485248E-5	0.0257229879273272
3824.253178	3.94681083E-5	0.0286874442019448
3824.37562	3.802457286E-5	0.0251891590331558
3824.498063	3.520398604E-5	0.0183537071514288
3824.620506	3.447727067E-5	0.0165925743587334
3824.742948	3.700978414E-5	0.0227299050167595
3824.865391	4.213448483E-5	0.0351491805825258
3824.987833	4.921664731E-5	0.0523121980466053
3825.110276	5.539106496E-5	0.0672753732429855
3825.232719	5.717987733E-5	0.0716104076386199
3825.355161	5.31792175E-5	0.0619151493437084
3825.477604	4.673144213E-5	0.046289514999356
3825.600046	4.371032628E-5	0.0389680980958346
3825.722489	4.032148354E-5	0.0307555263998461
3825.844932	3.482649481E-5	0.0174388893127639
3825.967374	3.021564044E-5	0.00626487653063451
3826.089817	3.343023855E-5	0.0140551812091466
3826.212259	3.780938277E-5	0.024667664181379
3826.334702	4.305241237E-5	0.0373736997804784
3826.457145	4.69721308E-5	0.0468728034876224
3826.579587	4.772283864E-5	0.048692079987523
3826.70203	4.625643487E-5	0.045138375369057
3826.824472	4.47495695E-5	0.0414866155097822
3826.946915	4.193947825E-5	0.0346765987478669
3827.069358	4.417916716E-5	0.0401042940294972
3827.1918	5.071855412E-5	0.0559519412581236
3827.314243	5.49917313E-5	0.0663076221359007
3827.436685	5.163635069E-5	0.0581761430614381
3827.559128	3.930429739E-5	0.0282904624160741
3827.68157	3.384297816E-5	0.0150554204940476
3827.804013	3.717418804E-5	0.0231283238633803
3827.926456	4.170757893E-5	0.0341146105005896
3828.048898	4.629998148E-5	0.0452439068687991
3828.171341	4.479370909E-5	0.0415935840460402
3828.293783	3.98922748E-5	0.0297153755813414
3828.416226	3.453402314E-5	0.0167301091352215
3828.538669	3.565925363E-5	0.0194570093730405
3828.661111	3.934095366E-5	0.0283792957637916
3828.783554	4.24936552E-5	0.0360195993776746
3828.905996	4.317734056E-5	0.0376764526067205
3829.028439	4.140030069E-5	0.0333699478619754
3829.150882	4.266293399E-5	0.0364298321049345
3829.273324	4.400314356E-5	0.0396777158297706
3829.395767	4.312811143E-5	0.0375571500038337
3829.518209	3.98387856E-5	0.029585749061711
3829.640652	3.782404019E-5	0.0247031851901314
3829.763095	5.005876301E-5	0.05435299370848
3829.885537	6.308947195E-5	0.0859318067812008
3830.00798	6.854754611E-5	0.0991589845525192
3830.130422	6.662688247E-5	0.0945044198360172
3830.252865	6.117721205E-5	0.0812976078127017
3830.375308	5.48526732E-5	0.0659706266764543
3830.49775	4.975164484E-5	0.0536087189858749
3830.620193	4.714563693E-5	0.0472932808132591
3830.742635	4.404166611E-5	0.0397710719480858
3830.865078	4.408419409E-5	0.0398741348847967
3830.987521	4.798507507E-5	0.0493275876365663
3831.109963	4.825733049E-5	0.0499873754543897
3831.232406	4.910432835E-5	0.0520400026151292
3831.354848	4.919239291E-5	0.0522534195743581
3831.477291	5.020263779E-5	0.0547016619815892
3831.599733	5.184279144E-5	0.0586764346330525
3831.722176	5.18801462E-5	0.058766960711783
3831.844619	4.76803616E-5	0.0485891404995627
3831.967061	4.034083759E-5	0.0308024292913131
3832.089504	4.097868077E-5	0.032348187902274
3832.211946	4.714723764E-5	0.0472971599975848
3832.334389	4.798275404E-5	0.0493219628180822
3832.456832	4.185662692E-5	0.0344758156074451
3832.579274	3.567315434E-5	0.0194906965595696
3832.701717	3.738042869E-5	0.0236281305096906
3832.824159	4.2168871E-5	0.0352325125362757
3832.946602	4.629662362E-5	0.0452357693811342
3833.069045	4.644472938E-5	0.0455946910738501
3833.191487	4.462420839E-5	0.0411828135387991
3833.31393	4.33953428E-5	0.0382047624644644
3833.436372	4.464023368E-5	0.0412216494639722
3833.558815	4.871001875E-5	0.0510844268894712
3833.681258	4.664777225E-5	0.0460867481727388
3833.8037	4.109117799E-5	0.0326208153316746
3833.926143	3.442930392E-5	0.0164763310262385
3834.048585	3.208449925E-5	0.0107938966547151
3834.171028	3.357078094E-5	0.0143957737189663
3834.293471	3.809293776E-5	0.0253548355445241
3834.415913	4.15907416E-5	0.0338314651843237
3834.538356	4.518661444E-5	0.0425457566914467
3834.660798	4.730881483E-5	0.0476887285533188
3834.783241	4.770156738E-5	0.0486405309009418
3834.905683	4.648498361E-5	0.0456922437711292
3835.028126	4.276644177E-5	0.0366806743922761
3835.150569	4.059663843E-5	0.0314223408362183
3835.273011	4.46045633E-5	0.0411352053366849
3835.395454	4.843366332E-5	0.0504147030466791
3835.517896	5.086913734E-5	0.0563168668641029
3835.640339	5.081113704E-5	0.0561763080779082
3835.762782	5.212228643E-5	0.0593537669320558
3835.885224	5.667547157E-5	0.0703880232479328
3836.007667	5.460210377E-5	0.0653633930080375
3836.130109	4.862831702E-5	0.0508864297067187
3836.252552	3.958498201E-5	0.0289706776820416
3836.374995	3.985987496E-5	0.0296368573291375
3836.497437	4.343481123E-5	0.0383004108423833
3836.61988	4.145606727E-5	0.0335050934180333
3836.742322	4.218618778E-5	0.035274478277446
3836.864765	4.698853081E-5	0.0469125475147943
3836.987208	5.141938163E-5	0.0576503370274109
3837.10965	5.005260391E-5	0.0543380676543035
3837.232093	4.244637239E-5	0.0359050135155072
3837.354535	3.802411447E-5	0.0251880481640395
3837.476978	3.940329043E-5	0.0285303636156216
3837.599421	4.232574429E-5	0.0356126815910695
3837.721863	4.488385093E-5	0.0418120351163924
3837.844306	4.34987669E-5	0.0384554019604545
3837.966748	3.86594802E-5	0.0267278028859713
3838.089191	4.035448001E-5	0.03083549053403
3838.211634	4.307184645E-5	0.0374207966178328
3838.334076	4.385318607E-5	0.0393143066271425
3838.456519	4.141439422E-5	0.0334041023313488
3838.578961	3.822805957E-5	0.0256822917404752
3838.701404	3.240503793E-5	0.011570694840056
3838.823846	3.154687147E-5	0.00949100152863295
3838.946289	3.195993122E-5	0.0104920166455522
3839.068732	3.174969243E-5	0.00998252084754038
3839.191174	3.187348193E-5	0.0102825141555688
3839.313617	3.240567821E-5	0.0115722465040926
3839.436059	3.25573892E-5	0.0119399051645958
3839.558502	3.280980673E-5	0.0125516175459291
3839.680945	2.998960554E-5	0.00571710020565651
3839.803387	2.763049633E-5	0
3839.92583	3.011796616E-5	0.00602817123360617
3840.048272	3.732776895E-5	0.0235005141157112
3840.170715	4.481993528E-5	0.0416571409833821
3840.293158	4.835720756E-5	0.0502294190253347
3840.4156	5.254432472E-5	0.0603765407758126
3840.538043	5.701888585E-5	0.0712202585011763
3840.660485	5.613765461E-5	0.0690846696602362
3840.782928	5.297088865E-5	0.0614102821225851
3840.905371	5.091333151E-5	0.0564239676703414
3841.027813	4.507774793E-5	0.0422819279784427
3841.150256	3.809854024E-5	0.0253684126775472
3841.272698	3.591390487E-5	0.0200741349602764
3841.395141	3.763485074E-5	0.0242447006744854
3841.517584	4.471695866E-5	0.0414075859170527
3841.640026	4.765226186E-5	0.0485210431733974
3841.762469	4.531066952E-5	0.0428463936099812
3841.884911	4.216423986E-5	0.0352212893629973
3842.007354	4.118720972E-5	0.0328535400487014
3842.129796	4.288385026E-5	0.0369652038661468
3842.252239	4.485970931E-5	0.0417535299568678
3842.374682	4.793094558E-5	0.0491964094286651
3842.497124	4.827937664E-5	0.0500408024208755
3842.619567	4.412153066E-5	0.0399646168816117
3842.742009	3.717688378E-5	0.0231348567596291
3842.864452	3.220612416E-5	0.0110886442632729
3842.986895	3.017864219E-5	0.00617521442351911
3843.109337	3.163705333E-5	0.00970954958404599
3843.23178	3.272249523E-5	0.0123400255634595
3843.354222	3.125927833E-5	0.00879404405295957
3843.476665	3.007553278E-5	0.00592533755193668
3843.599108	3.076532448E-5	0.00759698897579346
3843.72155	3.451787416E-5	0.0166909734578702
3843.843993	3.77758588E-5	0.0245864216958811
3843.966435	4.007670577E-5	0.0301623283260668
3844.088878	4.05453211E-5	0.0312979776585183
3844.211321	4.406565859E-5	0.0398292156795251
3844.333763	4.579274901E-5	0.0440146721872251
3844.456206	4.43688441E-5	0.0405639599356306
3844.578648	4.457807881E-5	0.0410710224312967
3844.701091	4.832307241E-5	0.0501466953971711
3844.823534	4.913139492E-5	0.0521055961418119
3844.945976	4.651827112E-5	0.0457729132159604
3845.068419	4.334700861E-5	0.0380876286724306
3845.190861	4.103401079E-5	0.032482275492361
3845.313304	3.784293949E-5	0.024748986033712
3845.435747	3.839337296E-5	0.0260829146586345
3845.558189	4.095443364E-5	0.0322894270482525
3845.680632	4.032742072E-5	0.0307699146498072
3845.803074	3.845749598E-5	0.0262383113351747
3845.925517	3.790756455E-5	0.0249055993614251
3846.047959	4.071609146E-5	0.0317118250786113
3846.170402	4.505696415E-5	0.0422315602581148
3846.292845	4.53253997E-5	0.0428820909463955
3846.415287	4.243793592E-5	0.0358845684491374
3846.53773	4.324613474E-5	0.0378431694415999
3846.660172	4.856065789E-5	0.0507224635688231
3846.782615	5.08914236E-5	0.0563708757167195
3846.905058	4.721914229E-5	0.0474714147915385
3847.0275	3.94744784E-5	0.0287028815966468
3847.149943	3.619130803E-5	0.0207463978874707
3847.272385	3.93143564E-5	0.028314839569915
3847.394828	4.38449606E-5	0.0392943729012983
3847.517271	4.42114324E-5	0.0401824860900672
3847.639713	4.29456195E-5	0.0371148963573678
3847.762156	4.314842954E-5	0.0376063892125855
3847.884598	4.522071322E-5	0.0426283921800134
3848.007041	4.757070565E-5	0.0483233986459685
3848.129484	4.92038962E-5	0.0522812968177455
3848.251926	5.171396697E-5	0.0583642395041417
3848.374369	4.88591395E-5	0.0514458083239884
3848.496811	4.487941624E-5	0.0418012880229541
3848.619254	4.503480886E-5	0.0421778688001363
3848.741697	4.77264548E-5	0.0487008434432341
3848.864139	4.885887756E-5	0.0514451735347122
3848.986582	4.583716509E-5	0.0441223107734449
3849.109024	4.11259789E-5	0.0327051523724842
3849.231467	4.330315278E-5	0.03798134780436
3849.353909	4.62089738E-5	0.045023357508965
3849.476352	4.66233505E-5	0.0460275641420226
3849.598795	4.787134822E-5	0.0490519803036088
3849.721237	5.122435323E-5	0.0571777023138409
3849.84368	5.245037028E-5	0.0601488501941433
3849.966122	5.290886475E-5	0.0612599724845477
